-0.360009078924 -0.769986916222 1.25515354755 1.33599713139 -0.464083050768 1.38519796727 1.12599915627 0.0826090883874 0.306747563029 1.10804194974 3.13008427487 1.36049298775 3.00551627926 0.065
-0.360009078924 -0.769986916222 1.25515354755 1.3360145751 -0.464083050768 1.38519796727 1.12599915627 0.0826142605334 0.306744443433 1.10804505597 3.13001587974 1.3604839028 3.00547837802 0.065
-0.360009078924 -0.770004359927 1.25515354755 1.33599713139 -0.464083050768 1.38519796727 1.12599915627 0.0826098644552 0.30674492544 1.10804708959 3.13005605276 1.36051642319 3.0055110864 0.065
-0.360009078924 -0.770004359927 1.25517099126 1.33599713139 -0.464083050768 1.38519796727 1.12599915627 0.0826068886362 0.30675060909 1.10804068015 3.13003443317 1.36050091108 3.00549652268 0.065
-0.360009078924 -0.769986916222 1.25515354755 1.33599713139 -0.464083050768 1.38519796727 1.12599915627 0.0826094764446 0.306746244227 1.10804451966 3.13003443317 1.36050091108 3.00549652268 0.065
-0.359991601929 -0.769986916222 1.25515354755 1.33599713139 -0.464083050768 1.38519796727 1.12599915627 0.0826088995498 0.306745887235 1.10804505597 3.13003749679 1.36049941497 3.00551041621 0.065
-0.359991601929 -0.769986916222 1.25515354755 1.33599713139 -0.464083050768 1.38519796727 1.12599915627 0.0826088995498 0.306745887235 1.10804505597 3.13001587974 1.3604839028 3.00547837802 0.065
-0.360009078924 -0.769986916222 1.25515354755 1.3360145751 -0.464083050768 1.38519796727 1.12599915627 0.0826094764446 0.306746244227 1.10804451966 3.13003443317 1.36050091108 3.00549652268 0.065
-0.360026522629 -0.769986916222 1.25515354755 1.33599713139 -0.463873593149 1.38518052356 1.12592938145 0.0826243033717 0.306765174312 1.10800259945 3.13036751622 1.36022936449 3.00593004227 0.065
-0.364075692619 -0.770004359927 1.25651482234 1.3360145751 -0.462180654933 1.38455228386 1.12308445962 0.0836389766209 0.306987206229 1.10750612071 -3.1375575788 1.35882604498 3.01946849139 0.065
-0.372924511394 -0.770056691043 1.26004044815 1.33639860293 -0.455408768913 1.38109643287 1.11809276363 0.0859469487781 0.308141462054 1.10582361632 -3.11343584678 1.35337089982 3.04324031604 0.065
-0.385194160589 -0.770056691043 1.26487501764 1.33714908172 -0.445111323663 1.37458646874 1.11050062399 0.0892407832687 0.309973878134 1.10344214736 -3.08331209125 1.34542367572 3.07460467896 0.065
-0.401722437394 -0.770475606282 1.27089642486 1.33772512346 -0.431131225969 1.3659121536 1.10079659761 0.0933835331748 0.312258884688 1.1005175252 -3.04936744972 1.33499161792 3.11027091884 0.065
-0.421514451404 -0.771418098992 1.27871546582 1.33933074329 -0.414323716724 1.35552742325 1.08836988849 0.098546539781 0.31498523229 1.09657233812 -3.01100294095 1.32251578635 -3.13326685444 0.065
-0.444517904794 -0.772133690377 1.28742466838 1.34025579229 -0.394950551374 1.3437988618 1.07447704261 0.104394479902 0.318035710453 1.09228871423 -2.97482975221 1.30679861451 -3.09442659327 0.065
-0.470296405329 -0.773268130422 1.29721591328 1.34166953136 -0.373029206914 1.33056920962 1.05889122523 0.111217876094 0.321332757167 1.08724259471 -2.94002511212 1.28928879318 -3.0574610042 0.065
-0.499181616433 -0.774332795647 1.30828134761 1.34336250286 -0.348140834684 1.31529757866 1.04098419664 0.11894357772 0.324771955258 1.08169737201 -2.90956701627 1.26993690738 -3.02412377707 0.065
-0.530021587778 -0.775606851913 1.32035904947 1.34482857304 -0.321978339609 1.29955470135 1.02204732365 0.126914453006 0.328173971805 1.07588456635 -2.88386222271 1.24907759303 -2.99514552944 0.065
-0.563689003963 -0.776636629727 1.33276831489 1.34643419286 -0.294332330649 1.28231086645 1.00201096461 0.135926053187 0.331451575029 1.06970200586 -2.86454130123 1.22633382841 -2.97231220752 0.065
-0.598962106548 -0.777910685993 1.34648665713 1.34830173458 -0.264504643479 1.26421175737 0.980578310212 0.145645719296 0.334767978051 1.06282007551 -2.84826438269 1.20246233373 -2.95228549489 0.065
-0.635561663093 -0.779289537647 1.36062378147 1.35029138223 -0.233088713614 1.24504804964 0.957906486957 0.155546865649 0.337797793903 1.05590721667 -2.83802150523 1.17780611813 -2.93748759332 0.065
-0.673365501082 -0.780528706502 1.3749005886 1.35240326897 -0.201341186904 1.22574479227 0.934903100146 0.166498107479 0.340483161927 1.0485270454 -2.83131229067 1.15313382406 -2.92666523919 0.065
-0.715550105907 -0.781994776682 1.39113215597 1.35477694445 -0.165492125799 1.20417252165 0.909054724922 0.177489681422 0.342871928739 1.04101133654 -2.82924218929 1.12743883915 -2.92000747295 0.065
-0.755744996503 -0.783478290568 1.40654333656 1.35685381063 -0.131772361855 1.18368229338 0.884497982827 0.189162778666 0.344947191315 1.03319244719 -2.83107097977 1.10180420145 -2.9159094519 0.065
-0.798540463903 -0.784926917043 1.42287969932 1.35924492981 -0.0959407527771 1.16167366381 0.858475103972 0.201464795382 0.346341807803 1.02546007833 -2.83582188306 1.07708049963 -2.91599979585 0.065
-0.842575166737 -0.786392987223 1.43958251304 1.36142659138 -0.0591317552573 1.13975238593 0.831841362542 0.213384371425 0.347497322841 1.01765291578 -2.84464181494 1.0525711055 -2.91907188097 0.065
-0.886138556637 -0.787841613698 1.45642487641 1.36360825294 -0.0219213361374 1.1172201789 0.805155289997 0.226077647918 0.347993020528 1.00991948309 -2.85578416164 1.0299447641 -2.92461108139 0.065
-0.930487379322 -0.789360081572 1.47314513384 1.36592959731 0.0154112575781 1.09447851424 0.778207428717 0.238472994263 0.348134909693 1.00223037103 -2.86956765036 1.00849331835 -2.9322390261 0.065
-0.973230515607 -0.790983211678 1.48946391974 1.3681984774 0.0513126810073 1.07240010986 0.751748190918 0.250642041971 0.347565850322 0.995055390825 -2.88405361163 0.988714855165 -2.9420225975 0.065
-1.01478681415 -0.792309665637 1.50552105005 1.37043247008 0.0865334275097 1.05084528294 0.726336241217 0.262962639492 0.346522378817 0.98791446633 -2.90028454362 0.97051827854 -2.95261158409 0.065
-1.05749499645 -0.793828133512 1.52177006113 1.37278870185 0.122225403722 1.02932541002 0.700522819982 0.275207100188 0.34491304709 0.980897930336 -2.91924403758 0.952095254138 -2.96604831854 0.065
-1.09988905889 -0.795416376207 1.53805395961 1.37495291971 0.1580570128 1.00759601289 0.674499941128 0.287235746706 0.34308959102 0.974053284999 -2.93767483672 0.936686640639 -2.97931933235 0.065
-1.14130567464 -0.796638101357 1.55411095678 1.37699503163 0.192823981619 0.986634604847 0.649279938763 0.298883381593 0.340643001823 0.96776975507 -2.95719955335 0.922601503784 -2.9945438449 0.065
-1.18015666757 -0.798016886433 1.56845753873 1.37914167263 0.225374368174 0.966860034542 0.625735464198 0.310312447618 0.337643839544 0.961856501855 -2.97607667685 0.909931593223 -3.01017051878 0.065
-1.2177686248 -0.799360784098 1.5830135783 1.38106154546 0.257488429074 0.947556710592 0.602487665778 0.321186166664 0.334486443552 0.956315801324 -2.99624829355 0.898951556069 -3.02643237837 0.065
-1.25490920252 -0.800547621837 1.59741262452 1.38305119311 0.288537824749 0.928515175377 0.579798398818 0.331771167513 0.331031478801 0.950957475088 -3.01597326264 0.889372571415 -3.04345137506 0.065
-1.289484224 -0.801751903282 1.61039779852 1.38477918518 0.317335750749 0.910625523912 0.558941719583 0.341521477992 0.327543583034 0.946241828028 -3.03496035231 0.88139317525 -3.05960389969 0.065
-1.32233125342 -0.802956184727 1.62292930303 1.38641969242 0.345191217329 0.894236896617 0.538852962848 0.350811470684 0.323737053084 0.941799479987 -3.05354552511 0.874191668369 -3.07639699146 0.065
-1.35207170542 -0.803863723448 1.63458808965 1.38800800169 0.370393775989 0.878825649442 0.520736443348 0.359208992726 0.320109149642 0.937859643366 -3.0707266894 0.868021986438 -3.09221126676 0.065
-1.38013649646 -0.804841103568 1.64506003853 1.38952640299 0.393990614959 0.864444113502 0.503841648998 0.367139948076 0.316274997556 0.934337452158 -3.08695581446 0.863632592732 -3.10757856358 0.065
-1.40488538562 -0.805678867468 1.65481652918 1.39085292352 0.414969466709 0.851563601732 0.488255864903 0.373914136319 0.312934355729 0.93123889077 -3.10154729028 0.859617994557 -3.12120382666 0.065
-1.4260212973 -0.806569029062 1.66261812644 1.39209209238 0.432352951119 0.841458170397 0.475741837389 0.380000312811 0.30950553457 0.928462095225 -3.11409827809 0.856092937258 -3.13414344638 0.065
-1.44434717455 -0.807092606532 1.66970413231 1.39273777579 0.448148192834 0.831666858912 0.464589184534 0.385149661698 0.306736207806 0.926464541753 -3.12538869524 0.854194420344 3.13816690974 0.065
-1.45930468566 -0.807528965477 1.67549863821 1.39364538109 0.460766915869 0.824161937802 0.455530941428 0.389144455328 0.304374313589 0.924668896842 -3.134929904 0.852062250842 3.12845717491 0.065
-1.47012577495 -0.807912926727 1.67966994742 1.39430864136 0.470244074213 0.817896185547 0.448270365349 0.392182524289 0.302684867889 0.923454024978 -3.1415874622 0.8513609172 3.12249381015 0.065
-1.48030104769 -0.808576120418 1.68368426329 1.39450065527 0.478778706559 0.812101679648 0.440939981159 0.395042528909 0.301196463266 0.922289270923 3.13694870479 0.850813458715 3.11865010893 0.065
-1.49012718001 -0.809186982993 1.68771588971 1.39444832415 0.486946854649 0.806499187662 0.433784133889 0.397687094935 0.299880744217 0.921312631361 3.13193231164 0.85068579619 3.11454962338 0.065
-1.49932507262 -0.809780401863 1.69148586055 1.39415151485 0.494120178913 0.802327878447 0.427762759953 0.400324917111 0.298448616901 0.920262393298 3.12762732976 0.84995550773 3.11035323575 0.065
-1.50876731027 -0.810688007162 1.69560483865 1.39244109964 0.501310913593 0.798243787757 0.422072982863 0.402697078797 0.297572641654 0.919524881283 3.12394958081 0.849840245069 3.10757926103 0.065
-1.51772085785 -0.811263915748 1.69947947172 1.39055611422 0.507210148303 0.794526214613 0.417622374629 0.405029909026 0.296642010922 0.918970170493 3.11967381377 0.850005518871 3.10363567104 0.065
-1.52601114517 -0.811927176017 1.70326675311 1.38816512819 0.512062161493 0.792012989492 0.412613301513 0.407251773651 0.295831541356 0.918448254464 3.11763312072 0.849879949225 3.10224159328 0.065
-1.53461568549 -0.812974397537 1.70705416765 1.38518052356 0.517036347198 0.788644490187 0.408721191449 0.409480258381 0.295250467698 0.918121033524 3.11457392599 0.850930453767 3.09981085736 0.065
-1.54271395889 -0.813689922343 1.71089391331 1.38209138985 0.521382193334 0.787667110067 0.405230552919 0.411440968419 0.294595079776 0.917605486965 3.11226223757 0.84980591177 3.09751183437 0.065
-1.55091702768 -0.814649858758 1.71462886358 1.37825164419 0.524576155718 0.786235927297 0.402280935564 0.413405734216 0.294078740092 0.917409805149 3.11118787798 0.850257183856 3.0963748969 0.065
-1.55809038523 -0.815487622658 1.71799736288 1.37420244092 0.528311172568 0.785555223323 0.400029465889 0.415165569591 0.293869697096 0.917295105556 3.1083474242 0.850152438326 3.09396887025 0.065
-1.56526360963 -0.816430115367 1.72136586219 1.37001368799 0.530213568403 0.785083976968 0.397324193564 0.41688420573 0.293559291787 0.91722175217 3.10912605441 0.850542923544 3.09481436047 0.065
-1.57201805194 -0.817250435562 1.72478669261 1.36556301318 0.532430150668 0.784839631938 0.395945408489 0.418473630872 0.293453814472 0.91721248776 3.10775359391 0.850714631894 3.09350179405 0.065
-1.57865025517 -0.818088199462 1.72831231842 1.36093790132 0.534349990208 0.784700015718 0.394217516284 0.419972580822 0.293464800967 0.917194457264 3.10686907087 0.850887762611 3.09324267024 0.065
-1.58472399351 -0.819048135877 1.73143647269 1.35596378219 0.535309926623 0.784665128307 0.393676461819 0.421467049441 0.293565092006 0.917388507156 3.10635557713 0.851707439901 3.09293743985 0.065
-1.590797865 -0.820077847112 1.73456062697 1.35100697361 0.535589192353 0.784700015718 0.392891062324 0.422920318098 0.293609786039 0.917584827537 3.10715521285 0.852710541976 3.09361158408 0.065
-1.59660968145 -0.820880723602 1.73768464809 1.3459455028 0.535920789198 0.784700015718 0.391616972769 0.424284742071 0.293815353064 0.917850046749 3.10795472773 0.853733230373 3.09518984343 0.065
-1.60191549729 -0.821875547427 1.74049468251 1.34097138368 0.536217498633 0.784892029632 0.391494800254 0.425552825237 0.294033754619 0.918130912711 3.10806567727 0.854856361033 3.09539552872 0.065
-1.6069769681 -0.822870371252 1.74319992154 1.3355434619 0.536392035553 0.785817012058 0.391494800254 0.4266744847 0.294460836288 0.91849020701 3.10824412004 0.855518257284 3.09598666724 0.065
-1.61189888927 -0.823708135152 1.74602739967 1.32999330103 0.536444399958 0.787056247492 0.391512243959 0.427699686171 0.29494248295 0.91883318055 3.10848144333 0.856012178302 3.0968131947 0.065
-1.61648898057 -0.824511011642 1.74876752612 1.3248794991 0.536426956253 0.788976120322 0.391582085359 0.428616290095 0.2953997977 0.919038916799 3.10898229161 0.855593297272 3.09772223994 0.065
-1.62090476797 -0.825296377847 1.75152522943 1.31966090179 0.536426956253 0.791367172928 0.391878761504 0.429385609151 0.29586505342 0.919176590772 3.10947195344 0.854729090357 3.09838671637 0.065
-1.62498885866 -0.826448328177 1.75379410952 1.31433764225 0.536409479258 0.794334267277 0.393449560494 0.430070062814 0.29639461152 0.919330111085 3.10931698351 0.853828189112 3.09767148569 0.065
-1.62886349173 -0.827128965573 1.75590599626 1.30903182641 0.536339671148 0.796865002682 0.394339688799 0.430772150356 0.296924340413 0.919756744751 3.10901435214 0.853643232192 3.09765910131 0.065
-1.63237154067 -0.827896954652 1.75800030614 1.30391802448 0.535659000463 0.800163660587 0.395125088294 0.431280064654 0.297401606075 0.919976556509 3.11026417436 0.852612807994 3.09877205156 0.065
-1.63568770886 -0.828752162257 1.76005986177 1.29915322982 0.535100502293 0.802729283402 0.396975153013 0.431816688142 0.297947816024 0.920208026572 3.11009369316 0.852022401132 3.09823953985 0.065
-1.63874195516 -0.829380468537 1.76199717831 1.29447578684 0.533582067708 0.805923212498 0.397882725023 0.432248396636 0.298384775254 0.920466450331 3.11234245951 0.851216411922 3.10005764208 0.065
-1.64165665182 -0.830165834743 1.76358535442 1.28953655512 0.531627274179 0.808349219093 0.399401159609 0.432777027868 0.298838669431 0.920908751958 3.11408540739 0.851576753863 3.10124134974 0.065
-1.64437946771 -0.830829095012 1.76540056502 1.28524300681 0.529148936468 0.811281426032 0.400971958598 0.433161362413 0.299132144622 0.921148019656 3.11710496356 0.85115350094 3.10323511582 0.065
-1.64657857298 -0.831230499967 1.76705864912 1.28143814856 0.528119191943 0.813777207447 0.402193683749 0.433407792783 0.299622642132 0.921335298609 3.11772597293 0.850328369876 3.10379153816 0.065
-1.64876023455 -0.831736633733 1.7684024802 1.27756351549 0.525553535838 0.815906537897 0.403659753929 0.433777481536 0.299906241259 0.921726784431 3.12041509154 0.850651211045 3.10564935543 0.065
-1.65048809346 -0.832347496308 1.76943219144 1.27407291025 0.523319509868 0.818559445817 0.404776750269 0.43400183098 0.300180481984 0.922006743765 3.12375137988 0.850436455316 3.10791854186 0.065
-1.65202393846 -0.832853696652 1.7708459305 1.27094875598 0.522080341013 0.820444364657 0.406050839824 0.43415736362 0.300691232489 0.922142928465 3.12435513026 0.850137550406 3.10869574435 0.065
-1.65324566361 -0.833150372797 1.77150919077 1.26845297456 0.520876059568 0.821421744778 0.407063140644 0.434384934421 0.300976275781 0.922493697668 3.12536716079 0.850704133332 3.10947683994 0.065
-1.65436272653 -0.833429605238 1.77239935237 1.26623642559 0.519026028138 0.823900149067 0.407516943293 0.434429277653 0.301112788206 0.922553646022 3.1280936792 0.849773207322 3.11155808096 0.065
-1.65520042385 -0.833761235372 1.77295781725 1.26450843351 0.517699574178 0.824947304008 0.408948092774 0.434556164764 0.301246993102 0.922695472943 3.12913059853 0.849895931105 3.11169460511 0.065
-1.65570655762 -0.834057911518 1.77316727487 1.26295514481 0.516373120218 0.826361043072 0.409174994099 0.434580574288 0.301378012961 0.922881724552 3.1311479757 0.849923919305 3.11335899367 0.065
-1.65595090265 -0.834110309212 1.77330682451 1.26239667993 0.516076410783 0.826605388102 0.409436782834 0.434621216193 0.301450131908 0.922960822462 3.13127950899 0.850042872478 3.11348088398 0.065
-1.65603825433 -0.834127752917 1.77344650731 1.2621523349 0.515954238268 0.826849733132 0.409593876049 0.43461341296 0.301489980969 0.922950324272 3.13132272097 0.849885507342 3.11346569346 0.065
-1.65630004307 -0.834162640328 1.77363852122 1.26162875743 0.513772576703 0.828193630797 0.410466527359 0.434598305052 0.301254330451 0.922967880657 3.13393980397 0.84954321167 3.11459234787 0.045
-1.65630004307 -0.834145196622 1.77365596493 1.26162875743 0.513737656003 0.828193630797 0.410466527359 0.43459739221 0.301257140331 0.922958025334 3.13402248443 0.849523743136 3.11465883656 0.045
-1.65630004307 -0.834145196622 1.77365596493 1.26162875743 0.513737656003 0.828193630797 0.410466527359 0.434597231383 0.301255263972 0.922963908574 3.13399611348 0.849524764056 3.11463903286 0.045
-1.65523531127 -0.834145196622 1.77356861325 1.26164620113 0.512707911478 0.828717208268 0.411094866928 0.434192553593 0.301594881081 0.922955922771 3.13509958577 0.849344084278 3.11589104926 0.045
-1.64795729148 -0.834145196622 1.77194554972 1.26169853225 0.507157783898 0.831858806248 0.415493077469 0.432107424777 0.30335965797 0.923276676261 3.13952293517 0.84941399854 3.12118561697 0.045
-1.63575748368 -0.834057911518 1.76663973388 1.26197776469 0.497506088634 0.837321682013 0.421793717134 0.428704894113 0.305577403263 0.924585203418 -3.13444778725 0.851022622051 3.1299189805 0.045
-1.61936878981 -0.833115485387 1.76007730548 1.26288536999 0.485428420063 0.844163409432 0.430904324644 0.424162377556 0.308430692989 0.926329123583 -3.12500321836 0.852860478059 3.13956814327 0.045
-1.59875645561 -0.832033376457 1.75180446187 1.26398485604 0.470052060299 0.852890055692 0.442214070714 0.41831272814 0.312003710443 0.928609472371 -3.11317812744 0.855448625044 -3.13200571424 0.045
-1.57388559366 -0.830776697318 1.74141973151 1.26546836993 0.451202505709 0.863676191002 0.455967267084 0.411414413005 0.315917966321 0.931270068432 -3.09884192812 0.858685802508 -3.11840654852 0.045
-1.54582066946 -0.829153567212 1.73019730384 1.267196362 0.430398190879 0.875928396492 0.471745031804 0.403455177564 0.320196034979 0.934298924722 -3.08380935976 0.862125392333 -3.10429293556 0.045
-1.51452692875 -0.827512926823 1.71759602451 1.26904632685 0.406836239319 0.889245267207 0.488919091883 0.394620427526 0.324671066054 0.937828638461 -3.06615450044 0.866922627824 -3.087914809 0.045
-1.4811038576 -0.826029412938 1.70412202729 1.27100108709 0.381616236954 0.903452232937 0.507279956413 0.384974627532 0.32923797075 0.941728686803 -3.0470664137 0.873194407427 -3.07109635662 0.045
-1.44146736531 -0.823743022563 1.68848381221 1.27330498775 0.352207448379 0.920277219177 0.529131459473 0.37412740283 0.333934038834 0.94621409711 -3.02842205844 0.87962147272 -3.05403255253 0.045
-1.4013074287 -0.821735931207 1.67199045611 1.27560875525 0.321402397734 0.937416325267 0.551436765183 0.362273241159 0.338356349161 0.951485667061 -3.0057822032 0.888902772666 -3.0352128292 0.045
-1.35865157752 -0.819519382232 1.65499096624 1.27817444465 0.288921819289 0.955812110497 0.575347790583 0.350069230679 0.342759973795 0.956647699738 -2.98496683095 0.898721019425 -3.01745986797 0.045
-1.31559425481 -0.817285322972 1.63774713134 1.2809320148 0.257017182719 0.974312624536 0.598839934033 0.33762718049 0.346316996076 0.962310548431 -2.96402790936 0.909448244395 -3.00075722508 0.045
-1.2702506083 -0.815033886587 1.61940381038 1.28341035251 0.222634191794 0.994087194842 0.623867922483 0.324128372643 0.349858698805 0.968499493789 -2.94269234657 0.92230087211 -2.98393577265 0.045
-1.22180025122 -0.812747496212 1.60011786355 1.28616805582 0.186628054119 1.01442029661 0.650571505312 0.310550017329 0.352821030352 0.974939135683 -2.92180949274 0.936790084584 -2.96754401098 0.045
-1.17277398555 -0.810338933322 1.58050035317 1.28906530877 0.149278018779 1.03548636688 0.677519366593 0.296696992313 0.355208472333 0.981658399592 -2.90197541482 0.953087037734 -2.95287267026 0.045
-1.12432362847 -0.807895483022 1.5608828428 1.29194511801 0.112469012937 1.05646521863 0.704345055358 0.282345700503 0.357059042816 0.988764519968 -2.88257758164 0.970864629587 -2.93898656648 0.045
-1.0742850287 -0.805521807542 1.54098609998 1.29487725837 0.0754331307372 1.07793282702 0.731589659363 0.267759464826 0.358244006999 0.996144700424 -2.86585240017 0.989901818831 -2.92729892429 0.045
-1.02243135148 -0.802834012212 1.52011197703 1.29786172985 0.0360585020799 1.10018573504 0.760806467313 0.254012786152 0.358591334666 1.00351428955 -2.85109136971 1.01072427599 -2.91801293849 0.045
-0.973527191752 -0.800303276807 1.50054679777 1.3007764265 -0.000977384411285 1.12167072055 0.787562381257 0.239510187789 0.358372288484 1.01124601996 -2.83664512158 1.03278725301 -2.90973303134 0.045
-0.922668338362 -0.797737653992 1.48003925895 1.30358646093 -0.0395317093886 1.14324299117 0.815941425307 0.225526944441 0.357579104687 1.01904160051 -2.82672921296 1.05617450096 -2.90506409641 0.045
-0.871896703497 -0.795241805998 1.45995050222 1.30648371388 -0.0775449758698 1.16488503661 0.843587434267 0.211567118856 0.356054548305 1.02685982302 -2.81823595383 1.07987609358 -2.90202987078 0.045
-0.823132159988 -0.792763468287 1.44043765407 1.30938096682 -0.114004907872 1.18593372976 0.870186288287 0.198200586832 0.353988660422 1.03454663263 -2.81338198301 1.10454067828 -2.90221883985 0.045
-0.776078098268 -0.790442190502 1.42132627746 1.31217342439 -0.15015067009 1.206179613 0.896715234328 0.185354985989 0.351451350145 1.04212458548 -2.81219913568 1.13076366023 -2.90616879953 0.045
-0.728413173972 -0.788033627612 1.40242435846 1.31493099454 -0.185703038404 1.226617377 0.922755556887 0.172746505129 0.348362449115 1.04966065176 -2.81579874422 1.15531428689 -2.91352309023 0.045
-0.683575661228 -0.785939184573 1.38449981959 1.31751412764 -0.219579878919 1.24597309864 0.947312365562 0.160824289159 0.344911351154 1.05684635708 -2.8226216674 1.18022325211 -2.92444523808 0.045
-0.640640577608 -0.783740079303 1.36716876616 1.32027183094 -0.251746287579 1.26421175737 0.971153582851 0.149896455727 0.341066609553 1.06366676206 -2.83588269312 1.20503440317 -2.94203617456 0.045
-0.599904599258 -0.781785319063 1.35071029747 1.32238358453 -0.282690987734 1.28173495786 0.993703233591 0.139504227451 0.33717355661 1.07031154334 -2.85342682163 1.2293881365 -2.96262458466 0.045
-0.561228043379 -0.779882889938 1.33542122281 1.32437323218 -0.311750702469 1.29838530732 1.01504860289 0.129585433833 0.333069307615 1.0766316326 -2.87625047086 1.25167035591 -2.98791632367 0.045
-0.524453983203 -0.778032858508 1.32077796471 1.32652000634 -0.339571248349 1.31426786743 1.03525953214 0.120578387851 0.328867634385 1.08245752651 -2.90351163918 1.27224291357 -3.0181347368 0.045
-0.490751679608 -0.776339887003 1.30721674897 1.32852723085 -0.365471954689 1.32873655531 1.05367269449 0.112643813067 0.324790923554 1.08772606641 -2.93557216661 1.29167827515 -3.05244024198 0.045
-0.460086245183 -0.774961101927 1.29489470208 1.33025508977 -0.388457931084 1.34189643268 1.07048023703 0.105354257706 0.320885270363 1.09257752158 -2.97072903912 1.30879848976 -3.08962633848 0.045
-0.432876561879 -0.773529919158 1.28421329558 1.33187815329 -0.408529210824 1.35364243783 1.08562969547 0.0991225283697 0.31735794702 1.09664068186 -3.01000031455 1.32328169515 -3.13037538173 0.045
-0.410553812463 -0.772395479112 1.27518997317 1.33327444865 -0.425441448879 1.36296256953 1.09777717215 0.0939545234205 0.314025336895 1.1003321825 -3.04935189312 1.33571035271 3.11209220017 0.045
-0.391704257874 -0.771505317518 1.26766760835 1.33435662416 -0.439892792928 1.37153208929 1.10837136012 0.0895801917654 0.311337156076 1.1031953241 -3.08485919882 1.34527129256 3.07561918379 0.045
-0.376607130549 -0.770859567533 1.26157629315 1.33522920889 -0.451656308358 1.37785017266 1.11673148884 0.0863046899976 0.309164592768 1.10553699661 -3.11586725277 1.35284157171 3.04364351674 0.045
-0.366396970404 -0.770196373842 1.25766677267 1.33570045525 -0.458794711923 1.38240550971 1.1219673967 0.0840370278791 0.30769342175 1.10701077338 -3.13673715617 1.3569877504 3.02239183989 0.045
-0.361335499594 -0.769952028812 1.2555899065 1.33592735657 -0.462913690023 1.38472672091 1.12507410727 0.0829292182645 0.306904126062 1.10783833693 3.1332909952 1.35964568507 3.00883966916 0.045
-0.360637385204 -0.769899631118 1.25534556147 1.33608448308 -0.463384903089 1.38523285468 1.12573736754 0.0828103254539 0.306749479409 1.10788930004 3.1311191217 1.35969714032 3.00622700165 0.045
-0.360532656394 -0.769899631118 1.25508377273 1.3361542579 -0.463454744488 1.38530276266 1.12585960663 0.0828226355003 0.306682651901 1.1079229767 3.13013830844 1.35975151444 3.00508763523 0.045
-0.360445404579 -0.769899631118 1.25508377273 1.3361717016 -0.463489631899 1.38533765007 1.12589449404 0.0827990747673 0.306683442906 1.10791956274 3.13016041901 1.35974388617 3.00514397673 0.045
-0.360375596469 -0.769899631118 1.25504875216 1.3361717016 -0.463524552598 1.38533765007 1.12592938145 0.0827770243946 0.306682091379 1.10793202007 3.12973961746 1.35979035755 3.00475206097 0.045
-0.360305755069 -0.769899631118 1.25501386475 1.3361717016 -0.463541996303 1.38533765007 1.12592938145 0.0827671833224 0.306670929411 1.10794140644 3.12978930937 1.35978243602 3.0048763942 0.045
-0.360218503254 -0.769899631118 1.25501386475 1.3361717016 -0.463559440009 1.38533765007 1.12592938145 0.0827354651265 0.306678273566 1.10794397589 3.12979201977 1.3598086472 3.00492523596 0.045
-0.360148695144 -0.769899631118 1.25499642105 1.3361717016 -0.463576917003 1.38533765007 1.12592938145 0.0827219934189 0.306678240796 1.10794781464 3.12974090302 1.35983438707 3.00492387918 0.045
-0.360113774444 -0.769899631118 1.25499642105 1.3361717016 -0.463594360708 1.38535509377 1.12592938145 0.0827114647842 0.306675868318 1.10795170399 3.12967561661 1.35982667374 3.00487593025 0.045
-0.363412465639 -0.769899631118 1.25492664623 1.33575278636 -0.463559440009 1.38537253748 1.12580714236 0.0836931505002 0.306436942439 1.10808841145 3.12886602508 1.36003835892 3.00075497313 0.045
-0.374914192334 -0.769934518528 1.25485687141 1.33227962483 -0.462721676109 1.38566921362 1.12357314968 0.0866517737089 0.305940521104 1.10891118553 3.12875870531 1.3607397619 2.9916545522 0.045
-0.393275056863 -0.770126532442 1.25487431511 1.32604875998 -0.457188992234 1.38662915004 1.11941928417 0.0908363303862 0.305569712549 1.10970047762 3.1237664776 1.35823725882 2.97446964764 0.045
-0.418355409719 -0.771121356268 1.25489175882 1.31760134616 -0.448305286048 1.3895612904 1.11406113721 0.0963871550421 0.30483961366 1.11042434505 3.11935197911 1.35395471822 2.95281127184 0.045
-0.449439726094 -0.772011517862 1.25492664623 1.30688505225 -0.435948351748 1.39210953609 1.10680056113 0.102989540841 0.304124976756 1.11127101779 3.11154491985 1.34800654536 2.92571628743 0.045
-0.484712828679 -0.773372859232 1.25489175882 1.29519137822 -0.422072982863 1.3953557963 1.09892912248 0.111067823786 0.303002335768 1.11217403026 3.10444675521 1.34108147033 2.8944165612 0.045
-0.527211619933 -0.774838929412 1.25499642105 1.28063533865 -0.405597070464 1.3987242956 1.08941704343 0.120109388009 0.301610319486 1.1133043725 3.09631204067 1.33383430256 2.861018235 0.045
-0.573113797903 -0.776304999592 1.25517099126 1.26511936267 -0.388056492839 1.4028432737 1.07903237966 0.130606349226 0.299562124915 1.11453625364 3.08981691652 1.32561700351 2.82494846893 0.045
-0.622838211248 -0.777928129698 1.25555501909 1.24832933042 -0.369067322029 1.40692736439 1.0677924417 0.141401767669 0.297333926735 1.11590448707 3.08280337189 1.31731108215 2.78794048796 0.045
-0.676681602693 -0.779725830013 1.25583425153 1.23017789022 -0.348245530204 1.41113356102 1.0555227925 0.153391781151 0.294343909352 1.11720924017 3.07864501886 1.30814890057 2.74987323442 0.045
-0.732706655703 -0.781418801518 1.25614837138 1.21136318975 -0.327022333424 1.41664883448 1.04290406947 0.166136745152 0.290455103898 1.11868226104 3.07317412352 1.29869206445 2.70884684692 0.045
-0.791960591798 -0.783373561758 1.25641016011 1.19144900322 -0.305031180854 1.42120417152 1.02969192756 0.179494009734 0.286037805973 1.12029523076 3.06937560717 1.28987694948 2.66941747736 0.045
-0.857480280147 -0.785380719692 1.25663706144 1.16907392269 -0.279968271704 1.42703356483 1.01503115918 0.193118670091 0.280907133647 1.12194343616 3.06523660202 1.28020475044 2.62834508903 0.045
-0.923069743317 -0.787527493847 1.25682907535 1.14694305403 -0.255411479674 1.43267094423 1.0002132643 0.207359331748 0.27472865793 1.12357461491 3.06419352745 1.27091846044 2.58830202362 0.045
-0.995082018667 -0.789744042822 1.2571257515 1.12290988941 -0.227957451339 1.43855266865 0.984121379726 0.222915832793 0.267206475647 1.12534701294 3.06346211893 1.26056906258 2.54407791546 0.045
-1.0670245192 -0.791960591798 1.25787623029 1.09861493605 -0.200590691464 1.44443452623 0.967994541166 0.237925205961 0.25926974508 1.12698345697 3.06436117021 1.25145904992 2.50434117939 0.045
-1.13804197072 -0.794264425878 1.25817290644 1.07477378534 -0.174236215764 1.4504383566 0.952216709867 0.253009714801 0.250170936915 1.12875181481 3.065117519 1.24310956394 2.46566180859 0.045
-1.2095132249 -0.796480974853 1.25829514553 1.0505486068 -0.147619951329 1.45632021418 0.936264441517 0.26766756973 0.240259861868 1.13050093681 3.06744945598 1.23517824191 2.42772732464 0.045
-1.2826249863 -0.798889537743 1.25859182168 1.02607908323 -0.120165922995 1.46267318496 0.919788529117 0.282710318751 0.228949982116 1.13211669247 3.07165975335 1.22703616603 2.39036953092 0.045
-1.35580665569 -0.801228325812 1.25885361041 1.00136521463 -0.0922930127097 1.4687294796 0.903330060422 0.29653935986 0.217822960626 1.13374877004 3.07681000485 1.2194962665 2.35664650479 0.045
-1.42825528998 -0.803532159892 1.25908051174 0.976808405952 -0.064908796646 1.4746985557 0.886993764242 0.310022690066 0.205592188336 1.13525144345 3.08301610023 1.21267745525 2.32301287846 0.045
-1.49904584018 -0.805766152572 1.25928996936 0.952984698947 -0.0382750718611 1.48085951257 0.871181112112 0.323553370515 0.191994877125 1.13668438247 3.08984611966 1.20587110948 2.29185773913 0.045
-1.56997607318 -0.807965257843 1.26012766668 0.929352939277 -0.011327186654 1.48707293371 0.855193889772 0.335845359829 0.178582171262 1.13780836539 3.09964507104 1.19928950514 2.2639092725 0.045
-1.63912598299 -0.810094588292 1.26016268725 0.905878239532 0.0144862325003 1.49284986275 0.839712801197 0.347315746205 0.164814511315 1.13919151936 3.10762802348 1.19339478906 2.23594420855 0.045
-1.70571033656 -0.812119123353 1.26028479318 0.883729993747 0.0393920806849 1.4984873753 0.824633184157 0.358151715976 0.15021089173 1.14038199785 3.11761968113 1.18822457391 2.21123573863 0.045
-1.77070638086 -0.814300784918 1.2604768071 0.861494529437 0.0640535848798 1.50382807855 0.810216760807 0.367700442094 0.13641309181 1.14138379095 3.12762761703 1.18320695632 2.18708925746 0.045
-1.83112964441 -0.816081041527 1.26080837065 0.841056698862 0.0865857835922 1.50915133809 0.796638101357 0.376545958424 0.122164963969 1.14232290982 3.13871255945 1.17844371844 2.16672009466 0.045
-1.88919667619 -0.817913629253 1.26101782827 0.821718487502 0.10841985127 1.51381133737 0.783548131967 0.384657416081 0.107846667005 1.1430992594 -3.13376597811 1.17426165222 2.1485146919 0.045
-1.94455860209 -0.819641554747 1.2612447296 0.803409987377 0.128805300795 1.51824443532 0.771103912563 0.391630420668 0.0943432596892 1.14383570014 -3.12268319982 1.17072586927 2.13174053327 0.045
-1.99611566974 -0.821142512337 1.26199520839 0.785729793532 0.14833552607 1.52260775845 0.759689470972 0.397615547848 0.0818810804619 1.14431312156 -3.11187341237 1.16665873472 2.11724614159 0.045
-2.04306493607 -0.822660913633 1.26208242692 0.770056691043 0.166068084319 1.52693619417 0.749287296913 0.402871030851 0.0696811292173 1.14477157746 -3.10085448191 1.16295749789 2.10395642943 0.045
-2.08620947731 -0.824039765287 1.26213489119 0.755291260432 0.182142558474 1.53028724977 0.739391256618 0.407314101161 0.0583246564789 1.1452676112 -3.09112870074 1.16043036713 2.09298994113 0.045
-2.12289638554 -0.825139317922 1.26218722231 0.743056498647 0.195948119249 1.53355095369 0.731432599437 0.410915315986 0.0483010864268 1.14558808943 -3.08322810224 1.15760298916 2.08212493003 0.045
-2.15359664079 -0.826343599367 1.26218722231 0.732776497102 0.207624366219 1.53609919937 0.724695600828 0.413807508506 0.0396675527168 1.14576709826 -3.07509432334 1.15544124476 2.07412805498 0.045
-2.17996859349 -0.827006793058 1.26222210972 0.723822949518 0.217450565114 1.5377048192 0.718691703887 0.416065638615 0.0324361746917 1.14608924366 -3.06903173362 1.15391990155 2.06752725847 0.045
-2.19991766742 -0.827547880812 1.26234434881 0.717190679718 0.225007850629 1.54006105097 0.714450553272 0.417573427148 0.0271257746084 1.14614636157 -3.06467692083 1.15194067241 2.06153224593 0.045
-2.21339166464 -0.827966729473 1.26234434881 0.712548124148 0.229440981869 1.54170169136 0.711186782777 0.418475546127 0.0233893130072 1.14627104493 -3.05976838006 1.15105997381 2.0591944012 0.045
-2.22424764135 -0.828385644712 1.26248389845 0.709092339738 0.233315614939 1.54260929666 0.709022564918 0.419334513331 0.0203106925207 1.14629194725 -3.05709200523 1.15034029422 2.05613597846 0.045
-2.23608086502 -0.828647433447 1.26351360969 0.705497005687 0.236038330969 1.54283619798 0.707765885778 0.420283213432 0.0167544665877 1.14632442008 -3.05515089897 1.1500787947 2.05164014349 0.045
-2.24756521459 -0.828752162257 1.26456089779 0.702093618972 0.239511525794 1.5428885291 0.705322435478 0.421232071001 0.0133428517591 1.14632621611 -3.05200568935 1.14942127332 2.04957424815 0.045
-2.25864795947 -0.828839380783 1.26651565803 0.699335982243 0.242181894064 1.5428885291 0.703559689153 0.42222088915 0.00989907284486 1.14609106044 -3.04880739048 1.14817511517 2.04715422905 0.045
-2.2697133938 -0.828839380783 1.2685750805 0.696578345513 0.245986702379 1.54287108539 0.701447802408 0.423248418422 0.00666234491072 1.14571815756 -3.04636923638 1.14599954943 2.04478942018 0.045
-2.28091837777 -0.828856891067 1.27087898116 0.694204736612 0.249390089094 1.54245217016 0.698760007078 0.424282374033 0.00323983211996 1.14532549438 -3.04236038586 1.14409793963 2.04402282066 0.045
-2.29231537565 -0.828804493372 1.27353188908 0.691621603513 0.252706223994 1.54117811389 0.696473616703 0.425501709609 -0.000334547847121 1.14500110483 -3.03904860797 1.14285803752 2.04349409737 0.045
-2.30346816167 -0.828821937078 1.27630690293 0.689439941948 0.255935073789 1.53810629073 0.694745757788 0.426846414579 -0.00379983093469 1.14476736722 -3.03786906852 1.14262561072 2.04155550927 0.045
-2.31400975221 -0.828542704637 1.27978006447 0.687607354223 0.259146479879 1.53402220004 0.691900902532 0.42841807601 -0.00733969620439 1.14449396445 -3.03520359812 1.14228780302 2.04280294519 0.045
-2.32524988991 -0.828088901988 1.2833754651 0.685600262867 0.262584787294 1.52848948288 0.689492339642 0.430024902451 -0.0108509577738 1.14443970974 -3.03431154484 1.1427745243 2.04294816241 0.045
-2.3357741699 -0.827495483118 1.28716287964 0.684273808907 0.265883461844 1.52318380019 0.686996491648 0.431597956632 -0.0145689419441 1.14422074584 -3.03347364605 1.14264986678 2.04299937019 0.045
-2.34608912544 -0.826954461942 1.29124697033 0.682668055928 0.268798158499 1.51763363932 0.684657770158 0.43320292756 -0.0179434449827 1.14406314791 -3.03275776516 1.14304726389 2.04371687095 0.045
-2.35629915242 -0.826413374188 1.29543572325 0.681481284767 0.271922296129 1.51166456322 0.682545883413 0.43484081585 -0.0214218385044 1.14381182316 -3.03289529219 1.14331233673 2.04370045328 0.045
-2.36638720663 -0.825470948057 1.29990370861 0.680468950658 0.275063894109 1.50539881096 0.679596299348 0.436440795176 -0.0250444275759 1.14362823301 -3.03235398758 1.14317502011 2.0447656714 0.045
-2.37654503566 -0.824668071567 1.30444160195 0.679334510613 0.278746529909 1.49853970641 0.677152849048 0.438125271283 -0.0284814362877 1.14341455239 -3.03337844688 1.14335905261 2.04522243336 0.045
-2.38626663891 -0.824004877877 1.30892716418 0.678496746713 0.281661243209 1.49211682766 0.674831571263 0.439726289233 -0.0319814313387 1.14312944954 -3.03299201662 1.14331766828 2.04635506255 0.045
-2.39577865137 -0.823149603693 1.31376173366 0.677693870223 0.284680668674 1.48515306088 0.672649909698 0.441276093394 -0.0352213172358 1.14291103918 -3.03441471262 1.14365590985 2.04619660764 0.045
-2.40495910028 -0.822399124898 1.31833451441 0.677048120238 0.287804789659 1.47832884374 0.670415850438 0.442841335586 -0.0384945399785 1.14264768799 -3.03550221759 1.14377584262 2.04652633742 0.045
-2.41377283191 -0.821491586177 1.32308173221 0.676541986473 0.290579870094 1.47145216234 0.667448822668 0.444382830556 -0.0417456713398 1.14237302762 -3.03523797481 1.14386785317 2.04884667618 0.045
-2.42230746425 -0.820618934867 1.32784652688 0.676123071233 0.293616739264 1.46450583926 0.665633678648 0.445887319526 -0.0448682600314 1.14211698284 -3.03752202767 1.14401906985 2.04856895269 0.045
-2.43072012382 -0.819885899777 1.33243675133 0.675826395088 0.296548879624 1.45754193933 0.663766136933 0.447374897804 -0.0479147467101 1.14182107394 -3.03983579725 1.14445628019 2.04819906105 0.045
-2.43874848924 -0.818995738183 1.33734109564 0.675634381173 0.298905078109 1.45031625066 0.661008566783 0.448835784128 -0.0508980664589 1.14157172988 -3.03990651729 1.14480331586 2.05071318411 0.045
-2.44627085406 -0.818245259387 1.34166953136 0.675512208658 0.301348561699 1.44354436464 0.658931634027 0.450161070588 -0.053713307559 1.14133848975 -3.04121561467 1.14522890197 2.05132209385 0.045
-2.45361878182 -0.817512224297 1.34610262931 0.675442433838 0.303408050749 1.43666781639 0.656907032388 0.451442591991 -0.0564341351022 1.14113251678 -3.04238966449 1.14618622492 2.0522585575 0.045
-2.46028600561 -0.816691904103 1.35046595244 0.675407546427 0.305991117269 1.43047183896 0.655004603263 0.452825273316 -0.0591221082996 1.14080936819 -3.04475556295 1.14605790674 2.05251063647 0.045
-2.46707520218 -0.815836696497 1.35486416298 0.675442433838 0.308836005814 1.4234381642 0.653241856938 0.45405671926 -0.0614164940813 1.14058113701 -3.04785236605 1.14644301329 2.05256036509 0.045
-2.4730966094 -0.815225833922 1.35889592255 0.675424990132 0.310336996694 1.41731209475 0.651653614242 0.455226708199 -0.0637299906525 1.1403997053 -3.04902975073 1.14741895557 2.0533481156 0.045
-2.47887380476 -0.814562640232 1.36280544303 0.675442433838 0.312571022664 1.41216340541 0.649629012603 0.456269171105 -0.0658518452399 1.14004639842 -3.04987854514 1.14687057041 2.05469182288 0.045
-2.48426670596 -0.813899379963 1.36615649863 0.675442433838 0.314089457249 1.40661324454 0.648267671232 0.457175937542 -0.067900102473 1.13996250137 -3.05179870475 1.14768800467 2.05454736819 0.045
-2.48883961987 -0.813393246197 1.3692632092 0.675459877543 0.315817316164 1.40177867505 0.646871375873 0.458096333479 -0.0696189522959 1.13977640331 -3.05303097148 1.14816082106 2.0553864902 0.045
-2.49294115427 -0.812730052507 1.37228256809 0.675529718942 0.316602715659 1.3971884506 0.645649650723 0.458842660299 -0.0712297092713 1.13971431007 -3.05458626274 1.14892197142 2.05562376452 0.045
-2.49669354824 -0.812206408458 1.37495291971 0.675634381173 0.318557509189 1.39261566985 0.644916615633 0.45968462828 -0.0726329036728 1.13958826741 -3.05790032755 1.14928383545 2.05477339153 0.045
-2.50004460384 -0.811665387282 1.37753605281 0.675756553688 0.319482524904 1.38919483943 0.643555274263 0.460284813981 -0.0739028026908 1.13942553238 -3.05793473993 1.149244676 2.05620358215 0.045
-2.5026973786 -0.811421042252 1.37943848193 0.675966011308 0.320808978864 1.38532020636 0.642804795467 0.460987264522 -0.0749390858337 1.13929888682 -3.06007985894 1.1497914063 2.05611337814 0.045
-2.50484415276 -0.811194140927 1.38092199582 0.676280197738 0.321489649549 1.38362723486 0.642193866313 0.461261934994 -0.0757889016061 1.13913482581 -3.06051638799 1.14965491461 2.05588707074 0.045
-2.50637999776 -0.811002127013 1.38212627726 0.676541986473 0.321699073879 1.38181202426 0.641914633873 0.461524400353 -0.0764476032148 1.13905811596 -3.06120396522 1.14991362635 2.0556314471 0.045
-2.5075842792 -0.810879954498 1.38312110109 0.676664158988 0.321908531499 1.3796478064 0.641583003738 0.46186239573 -0.0769201743187 1.13906204052 -3.06175328252 1.15061380244 2.05606177819 0.045
-2.5078636448 -0.810757781983 1.3837667845 0.676716490103 0.322065591424 1.37898467928 0.641338658708 0.462010539174 -0.0769915177062 1.13900147765 -3.06189952577 1.15051182868 2.05655996246 0.045
-2.50789853221 -0.810740338277 1.3837667845 0.676803775208 0.322135432824 1.37894979187 0.641321215003 0.462006256044 -0.0770279872523 1.13898500708 -3.06204793637 1.15043727638 2.05642117815 0.045
-2.50793341962 -0.810408708143 1.3837667845 0.677083007648 0.322589202184 1.37884499649 0.641268883888 0.461941873264 -0.077147954204 1.13900658984 -3.06337113138 1.15003501339 2.05535151872 0.065
-2.50793341962 -0.810408708143 1.38374934079 0.677083007648 0.322589202184 1.37884499649 0.641268883888 0.461935168679 -0.0771524608675 1.1390150754 -3.06337928517 1.15003534891 2.05531963514 0.065
-2.50793341962 -0.810408708143 1.38374934079 0.677065563943 0.322589202184 1.37884499649 0.641268883888 0.461941873264 -0.077147954204 1.13900658984 -3.06341354898 1.15002421271 2.05529327891 0.065
-2.50732249047 -0.810408708143 1.38366212227 0.677083007648 0.322589202184 1.37884499649 0.641268883888 0.461974175903 -0.0768470233625 1.13903204651 -3.06342520647 1.15008789068 2.05594404192 0.065
-2.50482684221 -0.810426151848 1.382998862 0.677083007648 0.322589202184 1.37884499649 0.641286327593 0.462030466749 -0.0757912825908 1.13920040199 -3.0636752981 1.15064222708 2.0576795877 0.065
-2.50140601179 -0.810513436953 1.38167247462 0.677379750373 0.322589202184 1.37908934152 0.641844859053 0.462001115854 -0.0743610500234 1.13940570368 -3.06504102587 1.15122138826 2.05847851535 0.065
-2.49679821047 -0.810740338277 1.37957803158 0.677990612948 0.322484473374 1.38013649646 0.642508052743 0.461790761533 -0.0727018221567 1.13957405925 -3.06591436036 1.15144348976 2.05951536592 0.065
-2.49131795758 -0.811019570718 1.3773614826 0.678618919228 0.322013260309 1.38345266465 0.643380704053 0.461305103515 -0.0705345426766 1.1395354368 -3.06578592665 1.15029140232 2.06049278995 0.065
-2.48487763512 -0.811403598547 1.37474346209 0.679491570538 0.321140575709 1.38680372025 0.645701981838 0.460773896308 -0.0682366080631 1.13955644835 -3.06813855324 1.14974299667 2.05886034908 0.065
-2.47784396036 -0.811857334618 1.37161930782 0.680154830807 0.319116007359 1.39176039567 0.646784090768 0.459853225235 -0.0655639925255 1.13961590692 -3.06552202724 1.14882078323 2.06101144439 0.065
-2.47025182073 -0.812363468383 1.3683556039 0.681097256938 0.316271118814 1.39608883139 0.649122878838 0.4589267255 -0.062780404542 1.13983856951 -3.06507313361 1.14913849518 2.06103201953 0.065
-2.46173449893 -0.813044172357 1.36477764698 0.682214319857 0.313548402784 1.40169132337 0.651269586413 0.45789250185 -0.0598918774277 1.13985043667 -3.06362310028 1.14837480493 2.06150859976 0.065
-2.45293807785 -0.813655034932 1.36114735894 0.683226587388 0.309813385934 1.40659580083 0.653276744348 0.456791845969 -0.0567765865212 1.1400797374 -3.06125588402 1.14861814632 2.06346579849 0.065
-2.44365296671 -0.814283341213 1.35708071195 0.684343583728 0.307265206824 1.41179682129 0.655702750943 0.455671203975 -0.0534707326163 1.14028897764 -3.06093040957 1.14855144542 2.06369659217 0.065
-2.43412337738 -0.814946601482 1.35271738882 0.685390805248 0.302901883694 1.41792289074 0.658373102568 0.454221179889 -0.0500829408783 1.14063285736 -3.05910877763 1.14900445452 2.06406879751 0.065
-2.42359909738 -0.815540020352 1.3483715094 0.686717259208 0.299585782084 1.42413631188 0.660781665458 0.452848426559 -0.0465285344837 1.14080678439 -3.05775867032 1.14868561101 2.06513401833 0.065
-2.41328414185 -0.816063597822 1.34402576313 0.687677195623 0.295972937749 1.43036717672 0.663364731978 0.451380950488 -0.0428055474872 1.14111437906 -3.05701818787 1.14854776813 2.06532978078 0.065
-2.4023060592 -0.816814076618 1.33959253202 0.689160709508 0.292778975364 1.43661535212 0.665755851163 0.449977584933 -0.0389972901671 1.14124160564 -3.05575338319 1.14809688348 2.0667484766 0.065
-2.39145021565 -0.817564555413 1.33454850492 0.690434765773 0.288886898589 1.44286366067 0.668146970347 0.448316874964 -0.0353425940109 1.14163294985 -3.05421119374 1.1485363061 2.06756926079 0.065
-2.3803150065 -0.818245259387 1.32997585732 0.691726332323 0.284820284894 1.44937375795 0.671131441823 0.446668341348 -0.0315323811733 1.14191771273 -3.05331934791 1.1487205159 2.06779039355 0.065
-2.36923199531 -0.818960850772 1.32536818916 0.693209846208 0.281259804964 1.45584896782 0.673941409668 0.444979052677 -0.0276739707913 1.14213621477 -3.05325960696 1.14846349024 2.06726772498 0.065
-2.35807947561 -0.819728773273 1.32048115541 0.694291955138 0.277699341679 1.46239395252 0.676786331503 0.443332486801 -0.0238423790626 1.1424286841 -3.05327551921 1.14866442328 2.06703818501 0.065
-2.34663001345 -0.820357079553 1.31580371243 0.695635852803 0.274086513989 1.46869459218 0.678793422858 0.441599638332 -0.0199287237911 1.14273171272 -3.05197370151 1.14857162555 2.06855326492 0.065
-2.33580905731 -0.821002896117 1.31117860056 0.697049591868 0.270630746224 1.47494290073 0.681655788398 0.439838719057 -0.0163341920329 1.14301156179 -3.05222571716 1.14853352666 2.06774972277 0.065
-2.32460407334 -0.821666089808 1.30662326352 0.698306204428 0.266983014479 1.48150532913 0.684308696318 0.438038594553 -0.012513109381 1.1432755417 -3.05207824342 1.14857333262 2.0678355944 0.065
-2.31400975221 -0.822451522592 1.30208537018 0.699493042168 0.263736704334 1.48768372971 0.687066333047 0.436301176463 -0.00892017333624 1.14353309707 -3.05270732318 1.14863878455 2.06691346658 0.065
-2.30355524703 -0.823062385167 1.29770460334 0.700767165012 0.260333317619 1.49370513693 0.689736684673 0.434523187606 -0.00550596837455 1.14381376964 -3.05335966997 1.1487701685 2.06587104709 0.065
-2.29372924788 -0.823655804037 1.29346351931 0.701919048763 0.257244084044 1.49932507262 0.692127737278 0.432815156547 -0.00221883521461 1.14408898651 -3.05398804419 1.14884725019 2.06501034882 0.065
-2.28439167246 -0.824266666612 1.28937942862 0.702931382872 0.253666160409 1.50492756461 0.694169782623 0.43103173129 0.000988514675555 1.14443139609 -3.05334912387 1.14935490927 2.06511753157 0.065
-2.27458298385 -0.824807687787 1.28529533793 0.704100710328 0.250734003404 1.51079184533 0.696438729293 0.429329052097 0.0040929305874 1.14462522989 -3.05370611278 1.14888137265 2.06430867031 0.065
-2.26594342296 -0.825366219247 1.2816999373 0.705008315627 0.248011287374 1.51536462608 0.698847292183 0.427797698253 0.00694765558039 1.14495943411 -3.05513393712 1.14969068513 2.0630294555 0.065
-2.25774035417 -0.825872353012 1.27826166317 0.705933298053 0.245812165459 1.52000718165 0.700313362363 0.426425277049 0.00958721123564 1.1451055105 -3.05547419779 1.14924106894 2.06314188178 0.065
-2.25020067881 -0.826500659292 1.27491060757 0.706945632162 0.243072005724 1.52438808164 0.702372851413 0.424955208838 0.0120469458963 1.14532331936 -3.05608487191 1.14967374489 2.06198462078 0.065
-2.24358591929 -0.826797402017 1.27213559372 0.707469209633 0.240314385639 1.52838482065 0.703385118943 0.423614741459 0.0141533849326 1.14563349441 -3.05507327706 1.15006804271 2.06245757422 0.065
-2.23744227297 -0.827146409278 1.26972703083 0.708464033458 0.239302101464 1.5314566438 0.705479561982 0.422614891067 0.0161330062003 1.14565525706 -3.05800045017 1.14961545272 2.06024511401 0.065
-2.23177000617 -0.827425708297 1.26758025667 0.708935279813 0.236771366059 1.53454577751 0.706055470568 0.421485039537 0.0180363245947 1.14593928874 -3.05617144638 1.1502356022 2.062240523 0.065
-2.21991920563 -0.827757271853 1.26490990505 0.711535856617 0.232530215444 1.5361864179 0.708708378488 0.420063603418 0.0215885981178 1.14623791764 -3.05843114599 1.15213387007 2.06331970459 0.065
-2.20175032173 -0.827949285767 1.2621697786 0.716492532038 0.225444176284 1.53662277685 0.712146719192 0.418153637214 0.0267460247809 1.14655875824 -3.0609418153 1.15501214723 2.06792719722 0.065
-2.17831050939 -0.827896954652 1.25991834222 0.723369146868 0.216263744019 1.53674501594 0.716544929733 0.415589230507 0.0336150977467 1.14674814672 -3.0641679307 1.15795027365 2.07425194911 0.065
-2.14722622631 -0.827757271853 1.25763188526 0.732985954722 0.204220979504 1.53676245964 0.722932854502 0.412462659585 0.0420567085154 1.14671966421 -3.068798781 1.16061461673 2.08196200268 0.065
-2.11338423991 -0.827286092077 1.25574689984 0.743545188707 0.191567335769 1.53674501594 0.730298092813 0.408603103301 0.0517068617809 1.14655167278 -3.07634240658 1.16305910734 2.08998808871 0.065
-2.07289260659 -0.826395930483 1.25435073764 0.756495541877 0.175876822865 1.53670999537 0.739146911588 0.404022166038 0.0625668032018 1.14623849211 -3.08363374822 1.16526738449 2.09995727591 0.065
-2.02838679056 -0.825121874217 1.25305910451 0.770772282428 0.159592907734 1.53604686826 0.748833494263 0.398612252312 0.0742356553764 1.14581455671 -3.09357875823 1.16736094481 2.11034859814 0.065
-1.97801656065 -0.823743022563 1.25192473105 0.787265638533 0.140481547765 1.53445855899 0.760055988517 0.392597370858 0.0866750394444 1.1453281622 -3.1033046615 1.17012884205 2.1232473267 0.065
-1.92642460559 -0.822276952383 1.25091233036 0.804352413508 0.12126547563 1.53089804577 0.771208641372 0.38573700715 0.100181229412 1.14487503054 -3.11572764688 1.17428311817 2.13817936701 0.065
-1.86945705987 -0.820374589837 1.25021431583 0.823236888798 0.0997281173871 1.52660463061 0.784054265732 0.378103733653 0.113597139897 1.14432662208 -3.12727686243 1.17849140271 2.15391939374 0.065
-1.80781207117 -0.818507048123 1.24970804891 0.843552546857 0.0765326916947 1.52126392736 0.797789985108 0.369810596968 0.127603986945 1.1437136573 -3.13925680355 1.18363829101 2.17412645251 0.065
-1.74651608973 -0.816674460397 1.24880057677 0.863623793308 0.0541052051473 1.51608021746 0.811368644558 0.360604873953 0.141477104638 1.14297726381 3.1306518915 1.18902258415 2.19354401205 0.065
-1.68099646796 -0.814649858758 1.24857367545 0.885702264272 0.0295135173849 1.51005881024 0.825924684128 0.350240371801 0.155893417944 1.14199173428 3.12024531382 1.19420413144 2.21607287755 0.065
-1.61392342433 -0.812433309782 1.24836421783 0.908548591157 0.00385717766147 1.5040025156 0.841213825367 0.339285028987 0.169914673561 1.1410377312 3.10878276119 1.20007142009 2.24066638981 0.065
-1.54585555687 -0.810391264438 1.24803265427 0.931517157137 -0.0215897226474 1.49798124153 0.856625072542 0.327460424385 0.183465886453 1.13971185605 3.09883495529 1.20576526233 2.26735334839 0.065
-1.47525702058 -0.808087430358 1.24803265427 0.955340864142 -0.0480140064574 1.49195983431 0.872420280967 0.3150222877 0.196460948691 1.13841098143 3.08973290996 1.21220953318 2.29703413206 0.065
-1.40366366047 -0.805888325087 1.24796274629 0.979374028767 -0.0746826352973 1.48532749793 0.888861305957 0.302021310012 0.209049760016 1.13701088085 3.08168259885 1.21894622798 2.32686783063 0.065
-1.33147681492 -0.803392477093 1.24794530259 1.00407045366 -0.101647973572 1.47848583709 0.905127760737 0.288364178643 0.220963082311 1.13551222563 3.07412453877 1.2259015957 2.35932575104 0.065
-1.25845213888 -0.800949026793 1.24792785888 1.02883671996 -0.12826424633 1.47188852128 0.921272043002 0.274380567711 0.23194774838 1.13378310979 3.06866750139 1.23272438645 2.39333530531 0.065
-1.18837718006 -0.798592861597 1.24796274629 1.05250336704 -0.155072508034 1.46546564252 0.937503610372 0.260196237273 0.24216319954 1.13222335961 3.06304030081 1.2407360563 2.42918852942 0.065
-1.11603334116 -0.796166855002 1.2479976337 1.0768681618 -0.181636408065 1.45895567839 0.953735177742 0.245662301693 0.25157147965 1.13040186259 3.05946369414 1.24848859836 2.46553486254 0.065
-1.04730228001 -0.793932795743 1.2481198728 1.10056969629 -0.207729095029 1.45237567313 0.969443101062 0.231733111944 0.259762145408 1.12874907433 3.05734484922 1.25688685449 2.50263501434 0.065
-0.979513711566 -0.791437014327 1.24841654894 1.123800051 -0.232704752364 1.44588315271 0.984697288312 0.217309586225 0.267481411491 1.12688307858 3.05645296165 1.26482541054 2.54115062536 0.065
-0.913313319242 -0.789133180247 1.24894012641 1.14627992692 -0.257453525019 1.43973950639 0.999724574237 0.203236834813 0.274268848846 1.12508595134 3.05704657763 1.27374248048 2.58162066065 0.065
-0.847619127263 -0.787003849798 1.24928926683 1.16872478227 -0.282097568864 1.43326442967 1.01469952905 0.189024080917 0.280517574232 1.12320871734 3.05962426014 1.28267584891 2.62426854977 0.065
-0.785782124648 -0.784769857117 1.25021431583 1.18994804563 -0.304996293444 1.42734768468 1.02869703716 0.175860780148 0.285614242027 1.12127905093 3.06342383695 1.2911872615 2.66551618009 0.065
-0.725550808433 -0.782832540582 1.25059821051 1.21054293613 -0.327563387889 1.42157062249 1.04248515423 0.162964293957 0.290084361028 1.11960361249 3.06736687474 1.29988549081 2.70664925143 0.065
-0.670887096793 -0.780825382648 1.25129635819 1.22930517233 -0.347826681544 1.41570634177 1.05503410244 0.150866833234 0.293872389405 1.11786211698 3.07217854308 1.30856702502 2.74595262629 0.065
-0.618387603013 -0.779114967438 1.25162792174 1.24728204232 -0.367479079334 1.41069733523 1.06700700891 0.139333641959 0.296981297658 1.11634819524 3.07738267561 1.31693200096 2.78457718807 0.065
-0.568732964489 -0.777317267123 1.25246575222 1.26426408848 -0.386031924489 1.40626410412 1.07812477436 0.12840780164 0.299539730902 1.11473121373 3.08589478788 1.32485407159 2.82443844639 0.065
-0.523371874273 -0.775641805902 1.25281475948 1.27979764133 -0.402979083244 1.40163899226 1.08852694842 0.118638409382 0.301557137067 1.11337685812 3.09219995207 1.33200243364 2.85961971214 0.065
-0.483578388633 -0.774350239352 1.25333833695 1.29351585042 -0.417884196653 1.39771202807 1.09768995362 0.109692408904 0.303181594275 1.11206365095 3.100305198 1.33908655781 2.89439327821 0.065
-0.448113272134 -0.773076116508 1.25373980849 1.30568077081 -0.430991609749 1.39444832415 1.10573589591 0.101892961167 0.304359515474 1.11089873037 3.10792313396 1.34471062555 2.92444213927 0.065
-0.418774291669 -0.771889345347 1.25433316078 1.31585604354 -0.442109341904 1.39116704338 1.11203653557 0.0955034429832 0.305291065305 1.1099459533 3.11667831071 1.34998857544 2.95327499582 0.065
-0.395037836479 -0.771260972488 1.25457763896 1.32414633086 -0.451219982703 1.38889816328 1.11781353119 0.0901269083182 0.30589971023 1.10915787009 3.12303271751 1.3544115501 2.97526918559 0.065
-0.376991125089 -0.770615222503 1.25457763896 1.33020262549 -0.457834775508 1.38664659374 1.12191506558 0.0863758365761 0.306339101918 1.10869000854 3.12478764718 1.35772177039 2.98929955769 0.065
-0.365541762799 -0.770109088737 1.25476951972 1.33412972284 -0.461604679769 1.38514563615 1.12458541721 0.0839164800494 0.306663471626 1.10827089838 3.12688861398 1.35941853935 2.99919808358 0.065
