-0.359799621304 -0.769986916222 1.25501386475 1.3360145751 -0.463803785039 1.38500608651 1.12599915627 0.0825744897338 0.306774234656 1.1080437332 3.12902622913 1.36031139781 3.00486139336 0.065
-0.359782177599 -0.769986916222 1.25499642105 1.33599713139 -0.463803785039 1.38500608651 1.12599915627 0.0825683157394 0.306773802323 1.10805230184 3.12898175574 1.36034233425 3.00485568553 0.065
-0.359782177599 -0.769986916222 1.25557246279 1.3360145751 -0.463786341334 1.38500608651 1.12599915627 0.0824766869589 0.306929095605 1.10790136028 3.13111959541 1.36023062076 3.00738085075 0.065
-0.359764733894 -0.770021803633 1.25583425153 1.33599713139 -0.463803785039 1.38500608651 1.12599915627 0.0824349223535 0.306989592347 1.10786802134 3.13169038097 1.36025433005 3.00811755252 0.065
-0.359782177599 -0.770021803633 1.25583425153 1.33599713139 -0.463821262033 1.38500608651 1.12599915627 0.0824369151578 0.30698259037 1.1078706001 3.13174314836 1.3602449295 3.00815102404 0.065
-0.359782177599 -0.769969472517 1.25583425153 1.33603215196 -0.463803785039 1.38500608651 1.12599915627 0.0824555179743 0.3069765515 1.1078588835 3.13180548938 1.36019499507 3.0081888085 0.065
-0.359782177599 -0.769986916222 1.25581680782 1.33599713139 -0.463821262033 1.38498850965 1.12599915627 0.0824468693557 0.30697767297 1.10787425367 3.13161118724 1.36023337874 3.00799693118 0.065
-0.359782177599 -0.770004359927 1.25581680782 1.33599713139 -0.463821262033 1.38500608651 1.12599915627 0.0824420876472 0.30697947163 1.10787371445 3.13168652767 1.3602476542 3.00808313079 0.065
-0.359886906409 -0.770004359927 1.25581680782 1.33603215196 -0.463821262033 1.38498850965 1.12589449404 0.0824940235277 0.306962192499 1.10786729016 3.13257125407 1.36021128832 3.00885265769 0.065
-0.364058215624 -0.770004359927 1.25656728662 1.33685240558 -0.463192922464 1.38334800241 1.12273545236 0.0839439669064 0.307014790485 1.10746658244 -3.13260249295 1.35982759182 3.02467829251 0.065
-0.372994319504 -0.769917074823 1.25951687068 1.33814390555 -0.457538066073 1.37778039784 1.11636497129 0.0866236116858 0.308093461782 1.10593827522 -3.10281415127 1.35550946679 3.05451891169 0.065
-0.385316333104 -0.769550557278 1.2638278627 1.34051758103 -0.446699566359 1.37027547673 1.10770809985 0.0903721206592 0.309592652665 1.10336508332 -3.06688269279 1.34651992408 3.09116157827 0.065
-0.401303555444 -0.769166596028 1.26939546727 1.34346716509 -0.432387871819 1.36099023243 1.09604931323 0.0951393527615 0.311535088958 1.09985464136 -3.02642107127 1.33393862083 3.13336770585 0.065
-0.420188030733 -0.768677905968 1.27599278308 1.34659131937 -0.415388348659 1.34969802994 1.08231359386 0.100983117976 0.313808084392 1.09576454406 -2.98433974698 1.31872091436 -3.10645258821 0.065
-0.442353686934 -0.767875029478 1.28386415516 1.35046595244 -0.395543970244 1.33657317314 1.06629148411 0.107575826748 0.316291490646 1.09092861994 -2.94486699084 1.3003605732 -3.06430803612 0.065
-0.468184585163 -0.767176948377 1.29293994184 1.35530052192 -0.372418344339 1.32039393688 1.04745933993 0.115231770287 0.31880746298 1.08562298084 -2.90887423011 1.2797373972 -3.02568788259 0.065
-0.495516440983 -0.766408959298 1.30266141192 1.36016997882 -0.347774317139 1.30442415825 1.02775461103 0.123641782584 0.321383261754 1.07952499599 -2.87833955336 1.2563108285 -2.99241039033 0.065
-0.525344111508 -0.765309406663 1.31316824821 1.36533611186 -0.321262748224 1.28653450678 1.00618234041 0.132985258214 0.323812822761 1.07312375157 -2.85314226869 1.23204407081 -2.96378643941 0.065
-0.558627533153 -0.764506596752 1.32468748519 1.37127030056 -0.291766674544 1.26681233417 0.981817545646 0.142836944077 0.326113155767 1.06617303211 -2.833644662 1.20563408418 -2.94058306381 0.065
-0.592033160603 -0.763511706348 1.33639860293 1.3772217998 -0.262165905344 1.24663635891 0.957836712137 0.15319473459 0.32811725248 1.05898814592 -2.81988175681 1.17817065834 -2.9218864405 0.065
-0.630046389633 -0.762447107702 1.34957579084 1.383923911 -0.228585774264 1.22382491944 0.930208146882 0.164340767007 0.329777074422 1.05145346892 -2.81216438922 1.15105294344 -2.90985249158 0.065
-0.667012463723 -0.761225382552 1.36298001324 1.3904863394 -0.195878294494 1.2019209521 0.903260219022 0.175711327047 0.331203586513 1.0435480776 -2.80855747575 1.12272089853 -2.90094480536 0.065
-0.705357389467 -0.760195604738 1.37608742634 1.39731055654 -0.161547667975 1.17870817425 0.875334977622 0.187691928263 0.331925522944 1.03563918308 -2.80921762256 1.0957331005 -2.89632506742 0.065
-0.745587234052 -0.759078608397 1.39011988843 1.40439669556 -0.126065132737 1.15481455927 0.846379958407 0.199439900384 0.332390094736 1.02777414312 -2.81501884033 1.06855311847 -2.89553809996 0.065
-0.786009025972 -0.757926658068 1.40430934388 1.41163969478 -0.0905476851222 1.13053704961 0.817006090532 0.211569144242 0.332203038832 1.01984503602 -2.82302238945 1.04226784447 -2.89736940585 0.065
-0.827704940737 -0.756670045508 1.41893529143 1.41898762254 -0.0536688753311 1.10573589591 0.786619888548 0.224394315325 0.331432739661 1.01163257959 -2.83402674672 1.01774538122 -2.90243859996 0.065
-0.869261239282 -0.755640267693 1.43314219058 1.42609107212 -0.0171391331381 1.08123148493 0.756914390538 0.23629418971 0.330268772434 1.00418993553 -2.84673929427 0.994950690818 -2.90878034994 0.065
-0.910677921607 -0.754261482618 1.44759356792 1.43347388729 0.019652408193 1.05655250374 0.726842374983 0.248512361647 0.328513494886 0.99657678907 -2.86279849762 0.973012560586 -2.91884888404 0.065
-0.951920033722 -0.753039757468 1.4623416214 1.44076935078 0.0556410959211 1.03203064905 0.696892531943 0.260814490873 0.326261305543 0.989124458384 -2.88006137557 0.953067305077 -2.92914923191 0.065
-0.994663170006 -0.751800588612 1.4769674358 1.44804737057 0.0934972858322 1.00593799538 0.665895467383 0.273008646256 0.323507800619 0.982109122562 -2.8983678615 0.936016864376 -2.94120495258 0.065
-1.03546892318 -0.750526465768 1.49150603166 1.4554823837 0.129939765807 0.981433517817 0.635806008123 0.284570528644 0.320321774502 0.975384712973 -2.91793869235 0.919879465036 -2.95516782225 0.065
-1.07646669026 -0.749409469428 1.50564315599 1.46274295978 0.165736470829 0.957574923401 0.606379742553 0.296295528142 0.316373646779 0.968843871864 -2.93814452029 0.905579283255 -2.97048727326 0.065
-1.11521302096 -0.748240075393 1.51923925915 1.46963708489 0.199438774424 0.934362012392 0.578210156123 0.307528975152 0.312253505923 0.962782402436 -2.95831534318 0.89411686648 -2.98643796687 0.065
-1.15296446126 -0.747454709188 1.5322071226 1.47619951329 0.232669848309 0.911707632842 0.550965552118 0.318164981983 0.307834154553 0.957224157419 -2.97858129922 0.884057366949 -3.00298689351 0.065
-1.18928478536 -0.746145698933 1.54482584563 1.4826397026 0.265080601999 0.890257534737 0.524750692638 0.32844318583 0.303012916282 0.951935412498 -2.99967612733 0.875121572898 -3.02146172493 0.065
-1.22443571543 -0.745238160212 1.55742712496 1.48887056745 0.295920573344 0.868999450547 0.499199060139 0.338245719255 0.298035871512 0.947080768891 -3.01891694845 0.868442741898 -3.03826052055 0.065
-1.25794600511 -0.744243269808 1.56892878508 1.49466507335 0.325311918214 0.848928137517 0.474956437894 0.347152354281 0.293175113342 0.942867348976 -3.03899246578 0.86334323088 -3.05644115639 0.065
-1.28834971738 -0.743405572487 1.57954041676 1.50011043883 0.352032911459 0.831003598643 0.452651132184 0.35535536283 0.288249280794 0.93893116625 -3.05645505848 0.858842418753 -3.07291763306 0.065
-1.31637962101 -0.742585252292 1.58947134446 1.50511957852 0.377095853899 0.814213566392 0.432160970494 0.363098212541 0.283331337561 0.935433103317 -3.07296428704 0.855792799779 -3.08907189345 0.065
-1.34329259488 -0.741764932098 1.59879134302 1.5100763871 0.400797421679 0.798069284127 0.412927454654 0.369894939606 0.278636555188 0.932333787509 -3.08890498085 0.853297259783 -3.10540665829 0.065
-1.36606914695 -0.741136625817 1.60669773566 1.51398590758 0.420833780719 0.784473114393 0.396259561629 0.376013363025 0.274313696177 0.929707444127 -3.10301500466 0.851887176037 -3.12002620396 0.065
-1.3857391216 -0.740612981768 1.61359186077 1.51751140023 0.438287073239 0.773041229098 0.382244543234 0.381274344959 0.270307875381 0.927341329159 -3.115136964 0.850561303625 -3.13297421999 0.065
-1.40336685117 -0.740071960593 1.61957824743 1.52060066709 0.453925221739 0.762080590157 0.369590932789 0.385699308405 0.266874734142 0.925622409732 -3.12620338381 0.850329208783 3.13824644313 0.065
-1.41643937686 -0.739722886753 1.62432559839 1.52283465978 0.465392061023 0.754278926323 0.359956714519 0.389029062736 0.264245794633 0.92420734785 -3.1340958985 0.849987113531 3.12964309853 0.065
-1.42654487477 -0.739443654312 1.6277289851 1.52454507499 0.474101230289 0.748973110483 0.352643774034 0.391564494779 0.262009334964 0.9231184199 -3.13956131864 0.849394225829 3.12297609361 0.065
-1.43569043627 -0.739216752988 1.63064368176 1.52587159552 0.482705704034 0.744278223797 0.347669588329 0.393784036465 0.260135811973 0.922254181926 3.13555427286 0.848982733031 3.11369056924 0.065
-1.44446941365 -0.739059693062 1.63385505456 1.52646494782 0.490071008923 0.741503143362 0.342625594514 0.395885555618 0.258299987366 0.921268552665 3.12955139632 0.847226634703 3.10603227167 0.065
-1.45337063011 -0.739042249357 1.63703153995 1.52674418026 0.497087239973 0.737611066587 0.337791025029 0.398033234762 0.25664673182 0.920543448286 3.12419735843 0.847029431743 3.09952705031 0.065
-1.46180046707 -0.739094580473 1.64026048961 1.52670929285 0.503230786423 0.735272278518 0.333776775739 0.399922282782 0.255045108002 0.919746970278 3.1194561605 0.84571999622 3.09298267677 0.065
-1.47005586698 -0.739024739073 1.64387320079 1.52597625776 0.508676218483 0.731956176908 0.330478084544 0.401873670516 0.253798342148 0.919214714489 3.11440783496 0.845715549611 3.08702942383 0.065
-1.47839861856 -0.739059693062 1.64767805904 1.52438808164 0.513737656003 0.730629722948 0.326882717204 0.403667465578 0.252703292409 0.918654298137 3.1109231451 0.844583324788 3.08259652327 0.065
-1.48672379329 -0.739181865577 1.6516749312 1.52217139951 0.518188264238 0.729058923958 0.323653867409 0.405429551477 0.251875257901 0.91827087398 3.10761631073 0.844055769055 3.07881083267 0.065
-1.49445561573 -0.739740330458 1.65553212057 1.51979785718 0.522411937859 0.726912149803 0.320843866274 0.407222620132 0.251198351356 0.917958369545 3.10467505379 0.844484857834 3.0754845505 0.065
-1.50225721298 -0.740438478138 1.65905761322 1.51672603402 0.525483727728 0.725812597168 0.318278243459 0.408994836989 0.250549746339 0.91781846186 3.10327683158 0.844792559665 3.07318065565 0.065
-1.50965747186 -0.741136625817 1.6629671337 1.5131306334 0.528730054518 0.725323907108 0.315660256239 0.410562218548 0.25020133401 0.917663963786 3.1020635343 0.844631418583 3.07215811454 0.065
-1.51704015388 -0.741834773497 1.66685921048 1.50913389439 0.530737179163 0.725149403478 0.313949841029 0.412110712498 0.249865907731 0.91762125819 3.10143138045 0.844739222645 3.07083420183 0.065
-1.52421351143 -0.742585252292 1.67099563228 1.50485778979 0.532517402483 0.725079562078 0.312082332604 0.41365529416 0.249760030857 0.917575970913 3.10125463368 0.844882116416 3.07074951083 0.065
-1.53117741136 -0.743562632412 1.67504483556 1.50033734015 0.534611812233 0.725079562078 0.310790766054 0.415140595392 0.249779477891 0.91755252936 3.10028105933 0.845067113193 3.06984073171 0.065
-1.53758271326 -0.744435283723 1.6786925673 1.49602648129 0.535362291028 0.725044674668 0.309342172869 0.416570503217 0.249728552756 0.917646400948 3.10133746673 0.845702421194 3.07077789538 0.065
-1.54421491648 -0.745325378738 1.68272432688 1.49099989789 0.535659000463 0.725062118373 0.308312428344 0.418016870023 0.249809662068 0.91784218566 3.10249158852 0.846660102818 3.07211062242 0.065
-1.55060290783 -0.746058413828 1.68679097386 1.48581618799 0.536200054928 0.725062118373 0.307596836959 0.419397529813 0.250122477439 0.918109960313 3.10254606876 0.847562437435 3.07260586249 0.065
-1.55636239316 -0.747018350243 1.69061314266 1.48085951257 0.536810917503 0.725079562078 0.306828881169 0.420679626297 0.250560545695 0.918308907138 3.10291947714 0.848506423476 3.07379401256 0.065
-1.56222680704 -0.748065571763 1.69455768371 1.47565849212 0.537194878753 0.725166847183 0.306584536139 0.421959842927 0.251025836177 0.918509042106 3.10316189287 0.849482794723 3.07481690251 0.065
-1.5676198414 -0.748903335662 1.69815295118 1.47023043719 0.537421780078 0.725341350813 0.306340191109 0.423193388923 0.251609481436 0.918955139413 3.10324777416 0.850695829836 3.07586858504 0.065
-1.57311767116 -0.749933046898 1.70199269684 1.46466283261 0.537439223783 0.726126783598 0.306287826704 0.424299333454 0.252182564491 0.919244072621 3.10390818475 0.851462850309 3.0772679095 0.065
-1.57824891679 -0.750735923388 1.70571033656 1.45932212936 0.537439223783 0.726842374983 0.306287826704 0.425360318771 0.25283588578 0.919543160416 3.10417144044 0.852141216499 3.07854256756 0.065
-1.58289147236 -0.751818032318 1.70916605439 1.45399886982 0.537421780078 0.728866976622 0.306287826704 0.426225584784 0.253535145192 0.919695070402 3.10536386521 0.851670422326 3.08046048923 0.065
-1.58756891534 -0.752463782303 1.71290100466 1.44848359636 0.537404336373 0.730507550433 0.306287826704 0.427071109502 0.254332975731 0.919985630461 3.10566573416 0.851583757472 3.08202757759 0.065
-1.59186246365 -0.753353943897 1.71616484174 1.4434222587 0.537002898128 0.732497264662 0.306340191109 0.427819273974 0.255036727595 0.920185328671 3.10705459804 0.851258049371 3.08426757349 0.065
-1.59582431525 -0.754436052827 1.7189572993 1.43846545013 0.535746252278 0.734172725883 0.306392555514 0.428611620134 0.25557620724 0.920429015137 3.11006120424 0.851469036414 3.08751226953 0.065
-1.59957684238 -0.755134133928 1.7221686721 1.43342142302 0.535048137888 0.736441672553 0.306689264949 0.429197751553 0.256387564646 0.92063678322 3.11114216619 0.850955891841 3.08970747636 0.065
-1.60317224301 -0.756041739227 1.72497870652 1.42863931781 0.533267914568 0.738326657972 0.307020861794 0.429850119724 0.257002892992 0.92089528694 3.11448978534 0.851072712167 3.09340446971 0.065
-1.60624393301 -0.756582760403 1.72785851577 1.42429343838 0.531540022363 0.740106848003 0.307771373879 0.430361301017 0.257632671503 0.921086912329 3.11632198029 0.850845605261 3.09577596137 0.065
-1.60922853764 -0.757263464377 1.73037174089 1.42019190399 0.529114015768 0.742515410893 0.308469488269 0.430836876496 0.258096131471 0.921257915029 3.12005007014 0.850469774069 3.09924432198 0.065
-1.61179409388 -0.757996499467 1.73272797266 1.41612525701 0.528171523059 0.744086209883 0.309359616574 0.431257678354 0.258846502319 0.921478961564 3.12094755966 0.850402289344 3.10092345535 0.065
-1.61408055083 -0.758624805748 1.73463040179 1.41239030673 0.525797880868 0.745081033708 0.309795942229 0.431739883431 0.259307418182 0.921850958594 3.12427791771 0.85132442887 3.10449765493 0.065
-1.6162622124 -0.759148383218 1.73644547923 1.40900436372 0.524558712013 0.746407487668 0.310494089909 0.432123678537 0.259798090117 0.922087018818 3.125931874 0.851431332179 3.10636494256 0.065
-1.61811217725 -0.759724358383 1.73817333815 1.40614199818 0.522499222963 0.748240075393 0.311384184924 0.432384365466 0.26013768477 0.922171259563 3.12858734879 0.851031739981 3.10875170055 0.065
-1.61957824743 -0.760055988517 1.73984886595 1.4037334353 0.521783631578 0.749269853207 0.311663450654 0.432578293387 0.260655515847 0.922213519715 3.12955836685 0.850698224824 3.11042508486 0.065
-1.62062553553 -0.760474837178 1.7404772388 1.4019182247 0.520841138869 0.750264677033 0.312256869524 0.432762584242 0.260833562484 0.922373368719 3.13094135537 0.850833668493 3.11150877282 0.065
-1.62158547194 -0.760649407387 1.74152439374 1.40036493599 0.519218008763 0.750770810798 0.312605910074 0.432933032764 0.261022859882 0.922491997269 3.13282711893 0.851079008042 3.11340968526 0.065
-1.62221371164 -0.760754136197 1.74211787919 1.39928276048 0.518973663733 0.751102440933 0.312832811399 0.433054493573 0.261239407054 0.922619402073 3.13289160891 0.851257482555 3.11379665757 0.065
-1.6225278315 -0.760858865007 1.74239711163 1.39867196449 0.516634908953 0.753685507453 0.313059712724 0.432891025251 0.260981858062 0.92241654623 3.13690741382 0.8494751793 3.11633260713 0.045
-1.6225278315 -0.760858865007 1.74239711163 1.39867196449 0.516617465248 0.753685507453 0.313059712724 0.432892133711 0.260985177137 0.92242244985 3.1369332149 0.849478915021 3.11635184184 0.045
-1.6225278315 -0.760858865007 1.74239711163 1.39867196449 0.516617465248 0.753685507453 0.313059712724 0.432892133711 0.260985177137 0.92242244985 3.1369332149 0.849478915021 3.11635184184 0.045
-1.62153300767 -0.760858865007 1.74236222422 1.39861963337 0.515692449533 0.753947362767 0.314508339199 0.432606836441 0.261333837342 0.922441373553 3.13667401827 0.849467558771 3.11618497702 0.045
-1.61486591704 -0.760876308712 1.74105314739 1.39839273205 0.510857880048 0.756862059422 0.319185815469 0.430720546766 0.26325948441 0.922689667733 3.14014377854 0.848855678516 3.12104512658 0.045
-1.60306744762 -0.760858865007 1.73675973224 1.39774691548 0.501345834293 0.762132921273 0.326516199659 0.42772609992 0.265916875696 0.923804710436 -3.13582652989 0.849371591093 3.1294319276 0.045
-1.58669633061 -0.760858865007 1.73035429718 1.39657752145 0.488727111258 0.770475606282 0.336621664284 0.423625174308 0.269315672478 0.925354764528 -3.12635443444 0.849538909387 3.13989280045 0.045
-1.56688680631 -0.761085699753 1.7221512284 1.39589681747 0.473123850169 0.780947555163 0.349484732349 0.418460331677 0.273135015105 0.927142490414 -3.11410157803 0.849492458321 -3.13117195506 0.045
-1.54292341651 -0.761225382552 1.71304068746 1.39457043009 0.454920078853 0.792885640802 0.364878535819 0.412074568213 0.27808082555 0.92943571474 -3.10060549811 0.850177177888 -3.11681930966 0.045
-1.5149807314 -0.761487171287 1.70211493593 1.39305202879 0.433225635718 0.806900592618 0.382401636449 0.40509723571 0.28311856627 0.932037711944 -3.08442629495 0.851675525064 -3.10029637631 0.045
-1.48435011781 -0.761731516317 1.69010700889 1.39184774735 0.409314610319 0.822259508677 0.402525280594 0.397020665585 0.288472477153 0.935023450953 -3.06774241394 0.853560280441 -3.08386418535 0.045
-1.45071772219 -0.761975861347 1.67691237727 1.3898580997 0.383605917894 0.839067051212 0.423888126883 0.387877874644 0.294388804415 0.938701749664 -3.0491460675 0.856571222742 -3.06604738839 0.045
-1.41390870803 -0.762289981198 1.66258323903 1.38809522022 0.354895243709 0.857183537422 0.447502409559 0.377988106459 0.30026325484 0.942698424517 -3.029562347 0.860967191866 -3.04759552051 0.045
-1.37549394089 -0.762726340142 1.64774783386 1.38621036795 0.324945400669 0.876643987877 0.472286086269 0.367529974152 0.305894848719 0.947008694803 -3.00803328822 0.866264849452 -3.02875080174 0.045
-1.33472307513 -0.763023016288 1.63179563209 1.38420314344 0.293232778014 0.896837406843 0.498553310153 0.355765644371 0.31182029863 0.9519585591 -2.98657173102 0.873286524069 -3.00958523958 0.045
-1.29054882265 -0.763284871602 1.61472623424 1.38216116468 0.258867230794 0.918933321512 0.527316315453 0.344094970968 0.316938064655 0.957094055194 -2.96478339042 0.881589708583 -2.99137078199 0.045
-1.24628721849 -0.763564104042 1.59748239934 1.37997950311 0.224763505599 0.941064057012 0.555835009013 0.33180323352 0.321845150239 0.96283439056 -2.94319811473 0.892081681165 -2.97451352409 0.045
-1.20064689584 -0.763895734177 1.57988955718 1.37765815875 0.189333309799 0.963997735581 0.585191433183 0.318660626334 0.326500899007 0.968916967472 -2.92197571337 0.903942625397 -2.95809029209 0.045
-1.15139372885 -0.764157522912 1.56117951894 1.37509260251 0.15114551056 0.988676650192 0.616589902698 0.304962716767 0.330798062172 0.975561458652 -2.90035917942 0.918312243484 -2.94116164358 0.045
-1.10423493832 -0.764558927868 1.54239983904 1.37254435682 0.114231800875 1.01216879364 0.647255337123 0.291148340798 0.334332949208 0.982568520345 -2.87994407606 0.935462727777 -2.92688395829 0.045
-1.05445812728 -0.764960332823 1.52337568095 1.37022314561 0.0759043687698 1.03710956357 0.679177450687 0.277399894869 0.337085044717 0.989741974265 -2.86010493192 0.953360068108 -2.91358316502 0.045
-1.00506527749 -0.765257075547 1.50419452952 1.36781458272 0.0372104191199 1.06220739342 0.710907483758 0.263513773299 0.339245613856 0.997043057523 -2.84287279664 0.973768228338 -2.90256454719 0.045
-0.956388085662 -0.765588705682 1.4853799622 1.36530122445 -0.000331612547216 1.08634528685 0.742480523482 0.249290836676 0.340880168578 1.00489731588 -2.82720970438 0.995650270576 -2.89367812103 0.045
-0.906890507062 -0.766007554343 1.46625114188 1.36296256953 -0.0390255631399 1.11128605678 0.774193179427 0.234923425734 0.341826761158 1.01281438971 -2.8138877468 1.01910820211 -2.88616372342 0.045
-0.857305709937 -0.766408959298 1.44713976527 1.36058889406 -0.0768642968623 1.13591264027 0.805783596278 0.221064233733 0.34209674902 1.02066319961 -2.80382625396 1.04445988308 -2.88241402412 0.045
-0.810426151848 -0.766915159642 1.42883119857 1.35833745767 -0.114092176332 1.15945711484 0.836152354557 0.207657708051 0.341589583747 1.02863057819 -2.79529481738 1.07142172993 -2.88008412324 0.045
-0.764087681513 -0.767159504672 1.41111611731 1.35592889478 -0.14957471157 1.18279213178 0.866049799903 0.193914424856 0.340757670821 1.03659946963 -2.79207486885 1.09819746317 -2.88224428143 0.045
-0.717853939987 -0.767386339418 1.39320902214 1.35359010671 -0.185441233024 1.20565603553 0.895598237987 0.181158757975 0.339158087792 1.0445065117 -2.79320286086 1.12573437856 -2.88839028206 0.045
-0.675163134818 -0.767683082142 1.37683790513 1.35153055108 -0.218724654669 1.22719341874 0.923034855907 0.168582992991 0.336995577742 1.05232576056 -2.79821922042 1.15392179165 -2.89888167914 0.045
-0.631634632328 -0.767979758288 1.36006531658 1.34926167099 -0.252426974909 1.24892268271 0.951309171147 0.156693348999 0.334675100846 1.0596267837 -2.80851433266 1.1818885481 -2.91301990117 0.045
-0.591893477804 -0.768241547023 1.34449687633 1.34742914984 -0.283389102124 1.26880198182 0.976581504627 0.145406834935 0.33169085052 1.066890596 -2.82476691573 1.20851921336 -2.93331039632 0.045
-0.553600983043 -0.768608064568 1.32952205468 1.34554416443 -0.313094600134 1.28808792865 1.00140010204 0.134929793198 0.328657143627 1.07356484237 -2.84741602713 1.23393761717 -2.9587367139 0.045
-0.519741586233 -0.768904807292 1.3164669727 1.34388608033 -0.339641056459 1.30498262313 1.02342617531 0.125131240584 0.325431471902 1.07995523173 -2.87594398924 1.258591935 -2.9906415839 0.045
-0.487121391568 -0.769096821207 1.30407515099 1.34252467238 -0.364948343929 1.32124921106 1.04374176679 0.116220395075 0.322189010857 1.08559136846 -2.90772914213 1.28019813082 -3.02468693274 0.045
-0.457869662919 -0.769253881132 1.29274792792 1.34107604591 -0.387794704104 1.33585758175 1.06269608348 0.108363696622 0.318987548235 1.09078684731 -2.94610776874 1.30002669506 -3.06498999549 0.045
-0.430817072829 -0.769410941058 1.28241552868 1.33962741943 -0.408459402714 1.34901732596 1.08006209089 0.101310151597 0.316007678778 1.09552929062 -2.99018854199 1.31738715737 -3.1101738233 0.045
-0.408983013474 -0.769533113573 1.27377623411 1.33870250358 -0.425650906498 1.36053656294 1.09421672551 0.0954238108055 0.313082586364 1.09948069319 -3.03265736244 1.33162695034 3.12854349642 0.045
-0.390482499434 -0.769672729793 1.26679489047 1.33734109564 -0.440084773554 1.36976934296 1.10631187107 0.0904980900309 0.310884775145 1.10273944073 -3.07470011485 1.34304432472 3.08565846751 0.045
-0.376467514329 -0.769934518528 1.26147163092 1.33695706781 -0.451411963328 1.37683790513 1.11528286236 0.0867871077613 0.30893644633 1.10521145051 -3.10861895529 1.35161133716 3.05092604837 0.045
-0.366309718589 -0.770021803633 1.25750977933 1.33641604663 -0.458672539408 1.38170736203 1.12153117091 0.0842336876652 0.307658221105 1.10689322559 -3.13418321251 1.3567288927 3.02515691136 0.045
-0.361283168479 -0.770056691043 1.25553744222 1.33599713139 -0.462878769324 1.38465694609 1.12493455763 0.0829208074499 0.306914581582 1.10781988912 3.13405437974 1.35969812005 3.00961602414 0.045
-0.360672305904 -0.770039247338 1.25499642105 1.33589246916 -0.463402380083 1.38518052356 1.12566759272 0.0827886068641 0.306725918661 1.10801468919 3.12973198265 1.36004150466 3.00482920433 0.045
-0.360585020799 -0.770056691043 1.25490920252 1.33585758175 -0.463472188193 1.38528531895 1.12578969865 0.082764137559 0.306695914192 1.10803825164 3.12920655538 1.3600732004 3.00421856618 0.045
-0.360497768984 -0.770056691043 1.25489175882 1.33585758175 -0.463507075604 1.38530276266 1.12580714236 0.0827401408571 0.306693509024 1.10804597449 3.12926272427 1.36009821626 3.00433878343 0.045
-0.360410483879 -0.770056691043 1.25490920252 1.33585758175 -0.463524552598 1.38532020636 1.12582458606 0.0827163142081 0.306698391059 1.10804602334 3.1291438326 1.36009171159 3.00425421822 0.045
-0.360358119474 -0.770056691043 1.25490920252 1.33585758175 -0.463559440009 1.38532020636 1.12582458606 0.0826929164407 0.306711149465 1.10804343899 3.12919932783 1.36012615332 3.00440848492 0.045
-0.360270867659 -0.770056691043 1.25490920252 1.33584013805 -0.463559440009 1.38532020636 1.12584202977 0.0826685317013 0.306710058747 1.10804859268 3.12918039923 1.36013684673 3.00444274289 0.045
-0.360201059549 -0.770056691043 1.25492664623 1.33585758175 -0.463576917003 1.38532020636 1.12584202977 0.0826528602017 0.306713064783 1.10805116693 3.12915218409 1.36016030853 3.00448990592 0.045
-0.360166138849 -0.770056691043 1.25490920252 1.33585758175 -0.463576917003 1.38532020636 1.12584202977 0.0826367992413 0.30671739243 1.10805116693 3.12912038916 1.36015217323 3.00447854447 0.045
-0.361754381544 -0.770056691043 1.25489175882 1.33547355392 -0.463576917003 1.38533765007 1.12578969865 0.0830780345951 0.306631094791 1.10817202717 3.12797879627 1.3603618185 3.00184188916 0.045
-0.371650421839 -0.770126532442 1.25490920252 1.33222729371 -0.463105670648 1.38554710769 1.12435851588 0.085469077533 0.306282616848 1.10896677922 3.12540537132 1.3613923334 2.99127871103 0.045
-0.388423010384 -0.770807236417 1.25490920252 1.32655489375 -0.459039056953 1.38622781166 1.12062356561 0.0893078281109 0.305921691597 1.10984907323 3.12330857493 1.36056502267 2.97798429429 0.045
-0.412770361439 -0.771575158917 1.25489175882 1.31861374685 -0.449980780559 1.38915995202 1.11557953851 0.0945573053861 0.30521837009 1.11039519136 3.11669128834 1.35578076662 2.95481921361 0.045
-0.441742824359 -0.772517651627 1.25489175882 1.30850824894 -0.438932856514 1.39172550826 1.10875532137 0.101037205255 0.304527403502 1.11129055024 3.1101962726 1.35024468327 2.92864216368 0.045
-0.477591902108 -0.773756820482 1.25494408993 1.29672722322 -0.424516433164 1.39457043009 1.10060465028 0.108981904824 0.303535032873 1.11214443738 3.10358185146 1.34349647122 2.90033650373 0.045
-0.518327880458 -0.775135605558 1.25489175882 1.28288677504 -0.408965536479 1.39792148569 1.09130202885 0.117866848795 0.302143228114 1.11325583097 3.09654902448 1.3363286766 2.86729474673 0.045
-0.562118204973 -0.776374840992 1.25490920252 1.26808639044 -0.392175470939 1.40216256973 1.08144094255 0.128126653331 0.30014639284 1.1144431347 3.08979598891 1.32791661784 2.83160172979 0.045
-0.611004854418 -0.777980527392 1.25499642105 1.25145348469 -0.373343393344 1.40572308295 1.07039295192 0.138642603524 0.298020880332 1.11580845061 3.08220660572 1.3198650006 2.793858651 0.045
-0.664883199853 -0.779656055192 1.25536300517 1.23359872064 -0.352731025849 1.41057509614 1.05819314413 0.150382336149 0.295094416142 1.11705963614 3.07795756733 1.31057099107 2.75605360793 0.045
-0.720367165108 -0.781314072708 1.25579936412 1.21515060429 -0.331804538504 1.4153573345 1.0455918648 0.162894639362 0.291572050084 1.11846565091 3.07319929489 1.30107940842 2.71744033638 0.045
-0.781296629003 -0.783268832948 1.25614837138 1.19425903765 -0.308713833299 1.42057579866 1.03196080765 0.176302211417 0.287211294407 1.120034996 3.06936901341 1.29174378485 2.676017059 0.045
-0.847025708393 -0.785206149483 1.25646249123 1.17219807697 -0.283598559744 1.42584672709 1.01742221179 0.190776957269 0.281900779987 1.12174412518 3.06538996377 1.28204064006 2.63498265206 0.045
-0.910363735177 -0.787300592522 1.25667194885 1.15092248249 -0.259862071264 1.43127464887 1.00290112621 0.205034053653 0.275816131557 1.12340150317 3.06360465859 1.27273792476 2.59376735724 0.045
-0.976162655967 -0.789325127583 1.25686396276 1.12889640922 -0.234816605819 1.43685969715 0.988362530341 0.219517685554 0.269033319964 1.12505783016 3.06166571007 1.26314206793 2.55062785966 0.045
-1.04955371639 -0.791733690473 1.2571431952 1.10406036811 -0.207589462164 1.44277644214 0.971834220247 0.234908822881 0.2608770329 1.12690009033 3.06261359966 1.25474148874 2.51278031316 0.045
-1.12170560796 -0.793932795743 1.25798102568 1.0800969783 -0.180100529774 1.44907708181 0.955812110497 0.249579273223 0.252384430591 1.12842388448 3.06457918593 1.24539036455 2.47444539141 0.045
-1.19300229193 -0.796097013603 1.25824281442 1.05601148256 -0.15344934464 1.45532539035 0.939877285852 0.264532984789 0.242510154975 1.13016948732 3.0663869243 1.23666822656 2.43533667649 0.045
-1.26679489047 -0.798435801672 1.25839980776 1.03103582523 -0.125349549675 1.46148634722 0.923069743317 0.279265493787 0.231722896768 1.1317714486 3.07068062523 1.2288156553 2.39940354708 0.045
-1.33901662344 -0.800791966867 1.25871406077 1.00663607648 -0.0987507289447 1.46756008556 0.907082520977 0.293266726758 0.220531389971 1.13344696457 3.07560477785 1.22184465234 2.36512493628 0.045
-1.41050532131 -0.803130688358 1.25897584951 0.982655242967 -0.0714188731248 1.47359893649 0.890955682417 0.30690632775 0.208532411275 1.13486107689 3.08151787697 1.21433451305 2.33091509477 0.045
-1.48014392119 -0.805207621113 1.25916773026 0.959023549876 -0.0452912945886 1.47974244965 0.875195361402 0.319902218318 0.195879774807 1.13642117175 3.0880693411 1.2078449114 2.30092511159 0.045
-1.55140571774 -0.807494011488 1.25984843424 0.935042716367 -0.0186924759393 1.48539740591 0.859417596682 0.332451342504 0.182555586382 1.13756908741 3.09699130727 1.20106268481 2.27122010865 0.045
-1.62155045138 -0.809605898232 1.26016268725 0.911864692767 0.00785398142592 1.49106967272 0.843517659447 0.344228732078 0.168677500294 1.13884180145 3.10527420858 1.19549521581 2.24410156616 0.045
-1.68797767845 -0.811700274692 1.26024990577 0.889227823502 0.0331612553718 1.49693395344 0.828769605962 0.354999393079 0.154765117283 1.14002661213 3.11466333803 1.18966756871 2.21733812164 0.045
-1.75201391949 -0.813759763742 1.26037201171 0.867725327702 0.0570199059636 1.50236200837 0.814231010097 0.365161947628 0.1401660039 1.14111817403 3.12502138076 1.18468496257 2.19425087427 0.045
-1.81557878102 -0.815731967688 1.26058146933 0.846414845818 0.0810007269898 1.5075106977 0.800181104292 0.374392890843 0.125819686731 1.14208015463 3.13522762255 1.18005534007 2.1730439529 0.045
-1.87441386845 -0.817442382898 1.26093060975 0.826762448028 0.102712630475 1.51231037978 0.787056247492 0.38251688993 0.111807744392 1.14292987243 -3.13749515941 1.17578802598 2.15301240222 0.045
-1.92998511881 -0.819205195802 1.26112262366 0.808122317768 0.123708934252 1.517406738 0.774420014173 0.389803050397 0.098006162055 1.14358078548 -3.12566415096 1.17120396598 2.13614319576 0.045
-1.98176895463 -0.820706153393 1.26161131372 0.790477077912 0.14332643631 1.52163037833 0.763110301393 0.396018192097 0.0852997546911 1.144194349 -3.11554311699 1.167558193 2.11989965312 0.045
-2.02800276273 -0.822207177562 1.26204753951 0.774751644308 0.160622652259 1.52531299749 0.752341609788 0.401620321454 0.0727519354278 1.14468651396 -3.10422833732 1.16425450161 2.10753916513 0.045
-2.07275305695 -0.823585962637 1.26211744749 0.759759245793 0.177220737174 1.52946699615 0.742463079777 0.406099005744 0.0615553507776 1.14512370534 -3.09432964011 1.16099986096 2.09586125036 0.045
-2.1117960638 -0.824825131493 1.26218722231 0.746686786687 0.191986217719 1.53257357357 0.733736433517 0.409822929789 0.0514675569819 1.14546571809 -3.08516665463 1.15835125066 2.08538952559 0.045
-2.14507945215 -0.825924684128 1.26218722231 0.735638796063 0.204500228589 1.53547082652 0.726301287228 0.412958956284 0.0421124972862 1.14571375601 -3.07736770415 1.15592812466 2.0761445031 0.045
-2.17214955253 -0.826727560617 1.26222210972 0.726440970027 0.214658040974 1.53705913579 0.720384675392 0.415390372976 0.0347189677975 1.14604341379 -3.07145070639 1.15439780018 2.06914210575 0.045
-2.19429773173 -0.827460595707 1.26236179252 0.718953492622 0.222564383684 1.53972948741 0.715375535698 0.417085231487 0.0287585409356 1.14611804846 -3.0643928472 1.15253604565 2.06462211287 0.045
-2.20918546802 -0.827879444368 1.26234434881 0.713979306917 0.228219256719 1.54088143774 0.711797645352 0.418284999244 0.0244852734025 1.14622861412 -3.0604447355 1.15143018122 2.061379297 0.045
-2.22053000163 -0.828385644712 1.26241412363 0.710279177478 0.231866988464 1.54246961386 0.710139561258 0.419034911831 0.0213084688183 1.14622499592 -3.05802120508 1.150522484 2.05706421782 0.045
-2.23173511876 -0.828682320857 1.26302491963 0.707102692088 0.234624608549 1.54285364169 0.708237132133 0.419867541429 0.0179350782972 1.14628394167 -3.05515279215 1.15038669937 2.05345069842 0.045
-2.24307965237 -0.828839380783 1.26433399646 0.703908762992 0.237556765554 1.5428885291 0.705566780508 0.420837874768 0.0144241383463 1.14621564004 -3.05062290598 1.14961608061 2.05211071402 0.045
-2.25437198802 -0.828909222182 1.26606185538 0.700906781233 0.240715807239 1.5429059728 0.703943650403 0.421815697801 0.0111420485263 1.14603842963 -3.04848086559 1.14846845457 2.04912149485 0.045
-2.26564674681 -0.828926665887 1.26754536926 0.698271317018 0.243770136759 1.5429059728 0.701727101427 0.422708401403 0.00761314156347 1.14584789145 -3.04529135642 1.14713167116 2.04661117927 0.045
-2.276415505 -0.828909222182 1.26991904474 0.695792979307 0.247313156339 1.5427488463 0.698829848477 0.423733253091 0.00441264966277 1.1454205128 -3.04072947675 1.14485326252 2.04678456727 0.045
-2.28762048897 -0.828944109593 1.27229272022 0.693489145227 0.250489658374 1.54157945227 0.697206651793 0.424874390096 0.000834783897088 1.14507799953 -3.03876868809 1.14353379696 2.04427709795 0.045
-2.29842413456 -0.828926665887 1.27499795926 0.691290039957 0.253543987894 1.53957236091 0.695147162743 0.42609747889 -0.00256427532999 1.14476824718 -3.03650968635 1.14262848925 2.04296701891 0.045
-2.30945468148 -0.828839380783 1.27817444465 0.689317769433 0.257261527749 1.53538360799 0.692075406163 0.427674024612 -0.00609897595068 1.14451565765 -3.03341895186 1.14238447037 2.04448148346 0.045
-2.32008362371 -0.828490373522 1.28173495786 0.687746970443 0.260106416294 1.53067114444 0.689701730683 0.429194734299 -0.00963843238575 1.14431783939 -3.03179431118 1.14252880247 2.04463940404 0.045
-2.33067767852 -0.828106345693 1.2852081194 0.686088952927 0.264138125934 1.52588903923 0.687729526738 0.430836649055 -0.013094990203 1.1440309055 -3.03220722036 1.14202025973 2.04383838728 0.045
-2.3414115493 -0.827408264592 1.28920485841 0.684500710232 0.266895746019 1.52037376577 0.685024287703 0.432317490302 -0.0167046768242 1.14392178945 -3.03080974026 1.14224505116 2.04440196675 0.045
-2.35158668887 -0.826762448028 1.29335872392 0.683086971168 0.270107152109 1.5146664784 0.682912400958 0.433918961728 -0.0201276731456 1.14373324458 -3.0312647231 1.14235689185 2.04418263224 0.045
-2.36181455904 -0.826186539442 1.29766971593 0.681969974827 0.272812407789 1.50850552153 0.679997704303 0.435496675807 -0.0237039464131 1.14353445889 -3.02920394565 1.14275498797 2.04608826842 0.045
-2.37174548675 -0.825244046732 1.30215527816 0.680852911908 0.276582328694 1.50220488187 0.677344796383 0.437133454552 -0.0271670627062 1.14331035993 -3.03003942603 1.14244529002 2.04653617703 0.045
-2.38153659849 -0.824511011642 1.30653604499 0.679962816893 0.279671562269 1.49552021437 0.675634381173 0.438737777093 -0.0305613309474 1.14308955429 -3.03172706923 1.14278554435 2.04571599909 0.045
-2.39106618782 -0.823743022563 1.31128326279 0.679177450687 0.282865524654 1.48878334892 0.673190930873 0.440361549837 -0.0339093546163 1.14278424063 -3.0323958579 1.1426939736 2.04659169081 0.045
-2.40010708709 -0.822940212652 1.31583859984 0.678496746713 0.285553319984 1.48183689269 0.670712593163 0.441943806058 -0.0372652355938 1.14260627255 -3.03267576435 1.14348259634 2.04770712681 0.045
-2.40926995914 -0.822207177562 1.32055106339 0.677850996727 0.289078879214 1.47478577423 0.668251632578 0.443575921835 -0.0404057156121 1.14228544199 -3.03348177114 1.14342379403 2.04915548478 0.045
-2.4178743663 -0.821229797442 1.3254902951 0.677362306667 0.291365269589 1.46764730409 0.666331826327 0.445085251874 -0.0436362451965 1.14211813855 -3.035287099 1.14403626632 2.04896421973 0.045
-2.42644388606 -0.820392033542 1.32999330103 0.676960835133 0.294698848194 1.46075331213 0.664045435953 0.446559488956 -0.0466981243925 1.14182944081 -3.03709856138 1.14404198273 2.04935222896 0.045
-2.43494363099 -0.819624044463 1.33482787051 0.676524542768 0.297177219194 1.45337063011 0.661689204178 0.448059621428 -0.0497443649976 1.14161537 -3.03759840012 1.14477388435 2.05089938643 0.045
-2.44250114954 -0.818821234552 1.33945298238 0.676280197738 0.299795206414 1.44668596262 0.659926457853 0.449455197071 -0.0524989093103 1.14132858616 -3.03973834195 1.14501295168 2.05099968927 0.045
-2.45000593749 -0.817966026947 1.34402576313 0.676053296413 0.302744823769 1.44010609052 0.657692398593 0.450811425459 -0.0551659763348 1.1410283333 -3.04151177592 1.1448789291 2.05192560306 0.045
-2.45698714797 -0.817180594163 1.34831917828 0.675966011308 0.304053800734 1.43352621841 0.655563134723 0.452012280107 -0.0579163097539 1.14090191997 -3.04153350177 1.14597805216 2.05350929411 0.045
-2.46370683603 -0.816430115367 1.35256039548 0.675896236487 0.306636900544 1.42703356483 0.653922494333 0.453280823901 -0.0603934820494 1.14064752734 -3.04425119591 1.14627117026 2.05342586506 0.045
-2.46964089157 -0.815714523982 1.35667937358 0.675896236487 0.309429424684 1.42116928411 0.652107350313 0.454545894703 -0.0625721683072 1.14029459122 -3.04679337638 1.14605695168 2.05391070038 0.045
-2.47562741139 -0.815121105113 1.36051911923 0.675896236487 0.310878051159 1.4153573345 0.650780896353 0.455599269976 -0.0648208386672 1.14009055673 -3.04819610596 1.14669101178 2.0542807961 0.045
-2.48114255169 -0.814422957433 1.36411438671 0.675861282498 0.312850255104 1.40949305378 0.648791248703 0.456628852978 -0.0668681740206 1.13997527518 -3.04956000368 1.14737418906 2.05535382202 0.045
-2.48602945229 -0.813689922343 1.36736078008 0.675861282498 0.314909744154 1.40432678759 0.647936041098 0.457604536262 -0.0687368375674 1.13985548246 -3.05337656147 1.14792098438 2.05397519735 0.045
-2.49068945156 -0.813131457462 1.37067681511 0.675878726203 0.316009330079 1.39971911943 0.646016168268 0.458396019756 -0.0704412000686 1.13966504199 -3.05279231829 1.14821390217 2.0561402905 0.045
-2.4945816615 -0.812538038592 1.37348684953 0.675913680193 0.317265942639 1.39528602148 0.645422749398 0.459161985139 -0.071930042873 1.13957720033 -3.05583618848 1.14879427072 2.05495964594 0.045
-2.49805495619 -0.812014461122 1.37613975745 0.675913680193 0.318993834844 1.39120193079 0.644462812983 0.459947819531 -0.0732059243522 1.13942257052 -3.05812041498 1.14901793614 2.05496537461 0.045
-2.50119642101 -0.811578102177 1.37830397531 0.675966011308 0.320180639294 1.38769388184 0.642944411688 0.460544975214 -0.0743668597057 1.13933551712 -3.05840228489 1.14932608187 2.05640187824 0.045
-2.50365744818 -0.811368644558 1.38010160905 0.676070740118 0.321245304519 1.38455228386 0.642508052743 0.461113465357 -0.0752496922812 1.13923174728 -3.06010552223 1.14982285324 2.05615497285 0.045
-2.50555974414 -0.811124299528 1.38188193223 0.676280197738 0.321576901364 1.38285931235 0.642089204083 0.461459314619 -0.0759887750528 1.13900834792 -3.0606762478 1.14946098797 2.05622540442 0.045
-2.50676402559 -0.810967239602 1.38235317859 0.676541986473 0.321733994579 1.38106154546 0.641809905063 0.461625500888 -0.0766022176694 1.13907765464 -3.06131506718 1.15025279225 2.05578337606 0.045
-2.50775898257 -0.810862510792 1.38340033353 0.676646715283 0.321891087794 1.37933368655 0.641443387518 0.461934028593 -0.076977847581 1.13904812916 -3.06161853099 1.1506540437 2.05646429901 0.045
-2.50789853221 -0.810705450867 1.38378436136 0.676664158988 0.322013260309 1.37898467928 0.641338658708 0.461998281646 -0.0770053866995 1.13903012276 -3.0618605368 1.15056720454 2.05660416141 0.045
-2.50793341962 -0.810653053173 1.38374934079 0.677135405343 0.322519394074 1.37886244019 0.641251440183 0.461983528289 -0.0771264333932 1.13892897414 -3.06266434088 1.15007207382 2.05587664026 0.065
-2.50793341962 -0.810653053173 1.38373189709 0.677135405343 0.322519394074 1.37886244019 0.641251440183 0.461983528289 -0.0771264333932 1.13892897414 -3.06266434088 1.15007207382 2.05587664026 0.065
-2.50793341962 -0.810653053173 1.38371445338 0.677135405343 0.322519394074 1.37886244019 0.641251440183 0.46198017654 -0.0771286858644 1.138933218 -3.06266434088 1.15007207382 2.05587664026 0.065
-2.5078636448 -0.810653053173 1.38367956597 0.677135405343 0.322519394074 1.37886244019 0.641251440183 0.461980208818 -0.0770928361012 1.13894170572 -3.06268267445 1.15012208485 2.05593406779 0.065
-2.50590888456 -0.810670563457 1.38320831962 0.677117961637 0.322519394074 1.37886244019 0.641251440183 0.462045486229 -0.0762284893554 1.13905848934 -3.06279964195 1.15047597153 2.05746267466 0.065
-2.50295916734 -0.810635609468 1.38188193223 0.677187736458 0.322519394074 1.37891477131 0.641548116328 0.461990017884 -0.0750853535675 1.1393675675 -3.06384298064 1.15134408261 2.05839224131 0.065
-2.49903233631 -0.810705450867 1.38041586205 0.677571697708 0.322519394074 1.37952570046 0.642193866313 0.461875124614 -0.0735026817071 1.13957142491 -3.06549961388 1.15175216117 2.05885242928 0.065
-2.49386607011 -0.810792735972 1.37872289055 0.678234957978 0.322397221559 1.38210883356 0.643066584203 0.461556594116 -0.0715316878564 1.13951880719 -3.06635801557 1.15059281825 2.05962531643 0.065
-2.4883160424 -0.811159253517 1.37594774354 0.678950549363 0.321681630174 1.38554710769 0.644916615633 0.460970435728 -0.0695195441188 1.13955415624 -3.06817439072 1.14988870472 2.05796807497 0.065
-2.48178836825 -0.811438485957 1.37329483562 0.679718471863 0.320494825724 1.38928205796 0.646365242108 0.460321702725 -0.0670113893663 1.13961940925 -3.06814516518 1.14911721345 2.05882580856 0.065
-2.47452779217 -0.811927176017 1.37015323764 0.680608566878 0.318208435349 1.39317413473 0.648232717243 0.45948123585 -0.0644190884609 1.13979914409 -3.06770270555 1.14916789736 2.05891483617 0.065
-2.46649942675 -0.812503151182 1.36680218204 0.681551059588 0.315328626104 1.39825304925 0.649995530148 0.45851547839 -0.0615820362487 1.13988796968 -3.06515149781 1.14874649997 2.06100062804 0.065
-2.4584359076 -0.813183788578 1.36338135162 0.682510996003 0.312152140714 1.40334940747 0.652212079123 0.457467962985 -0.0586146200268 1.13999674813 -3.06336371515 1.14855327498 2.06194600422 0.065
-2.44946478315 -0.813724876332 1.35948927484 0.683540773817 0.308870926514 1.40858544849 0.654358853278 0.456335344037 -0.0555538434609 1.14025613329 -3.06196275135 1.14867301301 2.06281802865 0.065
-2.44005743292 -0.814527686243 1.35526563451 0.684867227777 0.305676964129 1.41464174312 0.656715018473 0.455018631815 -0.0522776050002 1.14035125565 -3.06031651307 1.14826837788 2.06325914071 0.065
-2.42989987021 -0.815225833922 1.35081509285 0.685774766498 0.302133961194 1.42062826293 0.658914123743 0.453714437726 -0.0486046653971 1.14065192265 -3.05788005808 1.1484801739 2.06546341215 0.065
-2.41955002726 -0.815749411393 1.34659131937 0.687101220458 0.298608368674 1.426649537 0.661357640622 0.452292576517 -0.0450404854781 1.14088651507 -3.05674849436 1.14822780159 2.06607103998 0.065
-2.40923507173 -0.816412671662 1.34221055253 0.688218216798 0.295013001334 1.43291528926 0.664429397203 0.450820315285 -0.0413378917323 1.14111153164 -3.05653652821 1.14812617195 2.0656817146 0.065
-2.39853608836 -0.817093375637 1.33772512346 0.689387610833 0.291225653369 1.43909382298 0.666942688903 0.449351699186 -0.0376668823684 1.14141859737 -3.05551197231 1.14839326669 2.06628695483 0.065
-2.38802938523 -0.817826410727 1.33313489901 0.691063138632 0.287734981549 1.44528966726 0.669246522983 0.447685391001 -0.0340187601845 1.14156594943 -3.05417933795 1.14791982909 2.06669484127 0.065
-2.3766845853 -0.818611776932 1.32824786525 0.692057962458 0.284017441694 1.45199177846 0.671532913357 0.446105050774 -0.0300574652832 1.14190181849 -3.05215748849 1.14817716841 2.06882663091 0.065
-2.36542740338 -0.819240083213 1.32357042227 0.693436747533 0.280317345544 1.45853676316 0.674587226233 0.444422410875 -0.0263479076643 1.1421854099 -3.05246037215 1.14808777228 2.06810308704 0.065
-2.3540652929 -0.819955674597 1.31882320447 0.695024990228 0.276966306589 1.46515152267 0.677484479182 0.442682417665 -0.0224935076687 1.14236545898 -3.05302072327 1.14768563014 2.06726614477 0.065
-2.34280784466 -0.820583980878 1.31412818463 0.696054768043 0.272882232544 1.47138238752 0.680259559617 0.440926505958 -0.0185998279119 1.14280382116 -3.05259731342 1.1484077614 2.06745540143 0.065
-2.33196931165 -0.821317015968 1.30952051647 0.697485950812 0.269618462049 1.47785759739 0.682790228443 0.43917728849 -0.0149406750404 1.14300188184 -3.05273962757 1.14814008044 2.06690836018 0.065
-2.32116566606 -0.822102448752 1.30493029201 0.698655278268 0.265586752409 1.48407088537 0.685425692658 0.437356430968 -0.0112422041472 1.14334537489 -3.05186246263 1.14863180147 2.06723118535 0.065
-2.31071116088 -0.822730755032 1.30058441259 0.699894513702 0.262829132324 1.4900922926 0.687956428063 0.435691385302 -0.00768944439427 1.14352628997 -3.05301923044 1.14824043225 2.06640342532 0.065
-2.30023934516 -0.823289286492 1.29629099743 0.700976556053 0.258919595199 1.496043925 0.690277705848 0.433871660857 -0.00434429640968 1.1438939567 -3.05223906497 1.14856593534 2.06670840137 0.065
-2.29030841746 -0.823900149067 1.2919276743 0.702320520297 0.255882726029 1.50148929048 0.692598983633 0.43211620164 -0.00103456921371 1.14418127627 -3.0530307105 1.1487510432 2.06560995351 0.065
-2.28088349036 -0.824441170242 1.28780869621 0.703245502723 0.252741128049 1.5064285222 0.695478792878 0.430537666809 0.00204276806016 1.14458794508 -3.05515411789 1.14962255023 2.06351073897 0.065
-2.27172061831 -0.824964747713 1.28419585187 0.704589400388 0.249582086364 1.51201370363 0.697032148163 0.428851329335 0.00490469716469 1.14474507556 -3.05394422782 1.14929103917 2.06417783946 0.065
-2.26370956344 -0.825523279172 1.28086223998 0.705113044437 0.246754641524 1.51677836514 0.698986908403 0.427362420087 0.00772147574338 1.1450079341 -3.05392656887 1.14949456768 2.06412349727 0.065
-2.2556809317 -0.826256314262 1.27710971284 0.706421988113 0.245340935749 1.52142092071 0.701220901083 0.425989477509 0.0102820117618 1.14506878006 -3.05618453723 1.14919055787 2.06189357958 0.065
-2.24845524303 -0.826518102998 1.27419501619 0.707032850688 0.242653123774 1.52524322267 0.702547355043 0.424609736225 0.0126526826878 1.14541923935 -3.05577401983 1.14966506902 2.06249288631 0.065
-2.24173582128 -0.826814845722 1.27140255863 0.707853170883 0.240017676204 1.5296065458 0.704554512978 0.423262470525 0.0146837108294 1.14560977265 -3.05717741377 1.14966524342 2.060184232 0.065
-2.2361333293 -0.827181363267 1.26923834077 0.708568762268 0.238953027624 1.53253868616 0.705793681833 0.422333524543 0.0165984428986 1.14565456205 -3.05794242553 1.14930984709 2.06014992823 0.065
-2.22704009891 -0.827390754308 1.26777227059 0.709860328817 0.235916158454 1.53639587552 0.707573938443 0.421077373412 0.0197191424503 1.14557192023 -3.05811773814 1.14868072277 2.06228876396 0.065
-2.21173358055 -0.827390754308 1.26620140502 0.713874578108 0.230505630449 1.53945025497 0.710680649012 0.419236440566 0.0244823007129 1.14538757305 -3.05989773796 1.14827832023 2.06562944688 0.065
-2.18958540134 -0.827408264592 1.2645957852 0.720105376373 0.222861093119 1.54154456486 0.715899179747 0.416919814469 0.0309981054603 1.14514213269 -3.06349599937 1.1488353034 2.07029521683 0.065
-2.16155536455 -0.827216250677 1.26353105339 0.728535346487 0.212982529819 1.54231248736 0.722060136613 0.414332455873 0.0389068708865 1.14476729423 -3.06848219615 1.14982595691 2.07782408839 0.065
-2.12862098346 -0.826605388102 1.26194287728 0.738797904327 0.200468518949 1.54248705757 0.729163652768 0.410724907339 0.0483581707106 1.14459608201 -3.07534266581 1.15166788073 2.08606146463 0.065
-2.09059024414 -0.825593120572 1.26108760309 0.750666081988 0.18669786223 1.54248705757 0.737785570218 0.406450421183 0.0589940117612 1.14417364416 -3.08337525836 1.15313406692 2.09494478071 0.065
-2.04693956914 -0.824318997727 1.25991834222 0.764524040457 0.170361582695 1.54246961386 0.747489596598 0.401400175705 0.0704640887781 1.14375281242 -3.09203699763 1.15481513472 2.10583388899 0.065
-1.99887323989 -0.822800596432 1.25939463159 0.780301805177 0.152838482065 1.54220782513 0.758240844497 0.395503761699 0.0826947901422 1.14296389561 -3.10179430934 1.15597736553 2.11826902176 0.065
-1.94658313715 -0.821334459673 1.25808568791 0.797545640078 0.133395516927 1.54100354368 0.770056691043 0.388820814502 0.0955824053558 1.14234031328 -3.11130599743 1.15814220648 2.13234644957 0.065
-1.89150057685 -0.819589157052 1.25775412436 0.815679636572 0.112992615375 1.53812373444 0.782378737933 0.381307016488 0.109595438803 1.14157647514 -3.12176006268 1.16132861057 2.14923215328 0.065
-1.83310184836 -0.817808900443 1.25705597668 0.834860788007 0.0912807202122 1.53395242522 0.795224362292 0.373386998233 0.12299141259 1.14092688249 -3.13283943154 1.16576042141 2.16765496161 0.065
-1.77229455698 -0.815958869012 1.25641016011 0.855071717257 0.0689055980698 1.52852450344 0.808960081668 0.364376310326 0.137208966216 1.14021474597 3.13794511581 1.17106818269 2.18673888994 0.065
-1.70679237891 -0.814056439888 1.25597380117 0.876766160392 0.0442091898199 1.5230441174 0.823463790122 0.354325057011 0.151651640085 1.13923067523 3.1278191117 1.17653299139 2.21057556055 0.065
-1.64038259555 -0.811822447207 1.25557246279 0.899385585953 0.0194604213262 1.51688316053 0.838595804857 0.343608301865 0.165569691304 1.13833736919 3.11622339322 1.18236036352 2.23449089673 0.065
-1.56957460164 -0.809658229348 1.25520587867 0.922965014507 -0.00738274287326 1.51025082415 0.854268840767 0.331695665716 0.179777853337 1.1372056094 3.10662708173 1.18894777943 2.261160439 0.065
-1.50234456466 -0.807581296592 1.25461252638 0.945392492732 -0.0325678448243 1.50419452952 0.869575425712 0.319735638687 0.192726968253 1.1361384727 3.09684517874 1.19564236436 2.28852747987 0.065
-1.43223458528 -0.805434522438 1.25440306876 0.969076583517 -0.0589572224986 1.49757977 0.885126289107 0.306714499978 0.205523652751 1.13475728542 3.08951908534 1.20275469993 2.32028551781 0.065
-1.35821521858 -0.802956184727 1.25433316078 0.994209367357 -0.0865683315647 1.49079044028 0.901724374022 0.293225623376 0.217564453905 1.13325465394 3.08333589456 1.20980810577 2.35170088654 0.065
-1.28646473196 -0.800512734427 1.25424594225 1.01904540847 -0.114057263955 1.48373932181 0.918095557612 0.279682714843 0.22854982065 1.13176385585 3.07690900682 1.21752105787 2.3851967307 0.065
-1.21590108309 -0.798278675168 1.25419361114 1.04250259793 -0.14020229868 1.47667075965 0.933559135902 0.265459923314 0.239266126681 1.130216958 3.0722356797 1.22610686041 2.42145662523 0.065
-1.14374912494 -0.795852668573 1.25415872373 1.06698956521 -0.167307269819 1.46947995839 0.949703484747 0.250792833464 0.249101227624 1.12856253817 3.06837122497 1.23441429858 2.45743973841 0.065
-1.07349966249 -0.793566278198 1.25415872373 1.09131947256 -0.194237687394 1.46235906511 0.965760481907 0.236455676292 0.257867280741 1.12698148534 3.06567599198 1.24369075158 2.49625508263 0.065
-1.00503039008 -0.791192669297 1.25408881575 1.11468944349 -0.219632226679 1.45494136253 0.981119397967 0.221809233533 0.266025884555 1.12534167383 3.06438390105 1.25299948668 2.53589463388 0.065
-0.936648402767 -0.788871391512 1.25403648463 1.13793717533 -0.245620184834 1.44733177918 0.996356141511 0.207362573065 0.273209632581 1.12376857079 3.06380846436 1.26288560169 2.57557731318 0.065
-0.870936767082 -0.786881677283 1.25400159722 1.16012037511 -0.270595842169 1.44080423819 1.01108668471 0.193615475209 0.279188102532 1.12205064565 3.06523705295 1.27234719491 2.61487353839 0.065
-0.807354395268 -0.784787300822 1.25400159722 1.18218133579 -0.294629040084 1.43417190182 1.02546822065 0.180069520978 0.284522771906 1.12042786686 3.06701555097 1.28234086571 2.65686801827 0.065
-0.747070747937 -0.782867427993 1.25403648463 1.20289833222 -0.317126326419 1.42790628272 1.03880253507 0.166575493191 0.289353444089 1.11880310015 3.07108202902 1.2916351559 2.69729796113 0.065
-0.689073424403 -0.780947555163 1.25403648463 1.22295220155 -0.339414188424 1.42178008011 1.05189250446 0.154240961428 0.293138238773 1.11726574996 3.07578807162 1.3009256756 2.73721162867 0.065
-0.635160191558 -0.779254583658 1.25408881575 1.24108619804 -0.359677448789 1.41554934842 1.06416215366 0.142807205399 0.296388602676 1.1159520877 3.07935550807 1.31048968236 2.77463314295 0.065
-0.586535330848 -0.777614009847 1.25407137204 1.25810313162 -0.378073234019 1.41019106831 1.07508790519 0.131701335731 0.299029953141 1.1145367181 3.08480784469 1.3192590394 2.81282592309 0.065
-0.542116733343 -0.776025767152 1.25410639261 1.27320019236 -0.395299625214 1.40588020945 1.0850537203 0.122004857002 0.300982810676 1.11336711812 3.09036490935 1.32753995471 2.8485774336 0.065
-0.496947590463 -0.774734200602 1.25408881575 1.28890818226 -0.412159498864 1.40104563996 1.09515921822 0.112306630368 0.302721899793 1.11203483391 3.09910143854 1.33474097774 2.8832113064 0.065
-0.460156053294 -0.773372859232 1.25408881575 1.30135233509 -0.426157040264 1.39664742942 1.10332733302 0.104442715324 0.303960877258 1.11110398121 3.10540368749 1.3419902869 2.91428376314 0.065
-0.428670331963 -0.772238352608 1.25412383632 1.3123654383 -0.437868191289 1.39320902214 1.1106577505 0.0975058462384 0.304921127691 1.11012761721 3.11037643504 1.34755571405 2.93996303038 0.065
-0.402472916189 -0.771470430108 1.25422849855 1.32154588721 -0.448026020319 1.39038167717 1.11650458751 0.0918289414787 0.305534942404 1.10932918361 3.11748207606 1.3524657487 2.96375825589 0.065
-0.382279463934 -0.770859567533 1.25435073764 1.32835266064 -0.455583305833 1.38792078316 1.12088535435 0.0875461304871 0.306085400517 1.10881772676 3.12283061698 1.35641930926 2.98272767575 0.065
-0.369014957624 -0.770283592368 1.25433316078 1.33297777251 -0.460435319023 1.38552966398 1.1237826073 0.084668795244 0.306465920947 1.10844726236 3.1257388936 1.35893568956 2.99556372501 0.065
