-0.360009078924 -0.770021803633 1.2548394277 1.3361542579 -0.464083050768 1.38530276266 1.12599915627 0.0826790053533 0.306633859663 1.10806424301 3.1295776802 1.36044994683 3.00462795094 0.065
-0.360009078924 -0.770021803633 1.2548394277 1.3361542579 -0.464100494474 1.38528531895 1.12599915627 0.0826828028772 0.306630047227 1.10806208441 3.12963294184 1.36046504645 3.00467925158 0.065
-0.360009078924 -0.770021803633 1.25485687141 1.3361542579 -0.464083050768 1.38528531895 1.12599915627 0.0826822046312 0.306627427669 1.1080608299 3.1296491084 1.3604575414 3.00467968121 0.065
-0.360009078924 -0.770021803633 1.2548394277 1.3361542579 -0.464100494474 1.38528531895 1.12599915627 0.0826793929102 0.30663254043 1.10806681284 3.1295776802 1.36044994683 3.00462795094 0.065
-0.360009078924 -0.770021803633 1.25485687141 1.3361542579 -0.464100494474 1.38530276266 1.12599915627 0.0826762085318 0.306634286889 1.10806171974 3.1295776802 1.36044994683 3.00462795094 0.065
-0.360009078924 -0.770021803633 1.2548394277 1.3361542579 -0.464083050768 1.38528531895 1.12599915627 0.0826790053533 0.306633859663 1.10806424301 3.12956151115 1.36045745187 3.00462751876 0.065
-0.359991601929 -0.770021803633 1.2548394277 1.3361542579 -0.464100494474 1.38528531895 1.12599915627 0.0826740338823 0.306633985371 1.10806681284 3.1295776802 1.36044994683 3.00464542793 0.065
-0.360009078924 -0.770021803633 1.2548394277 1.3361542579 -0.464083050768 1.38530276266 1.12599915627 0.0826790053533 0.306633859663 1.10806424301 3.12956151115 1.36045745187 3.00462751876 0.065
-0.361736937839 -0.769445828468 1.25508377273 1.33680007446 -0.462931133728 1.38500608651 1.12446331127 0.0835027357284 0.30651104903 1.10768634316 3.13780124929 1.35852920999 3.01144919716 0.065
-0.368543711269 -0.768974582113 1.25705597668 1.33882460952 -0.457555509779 1.38216116468 1.11852912257 0.0857360675417 0.306938775658 1.10614682729 -3.11668904638 1.35318240463 3.03868642511 0.065
-0.379260038469 -0.767909983467 1.26058146933 1.34201853862 -0.448514710379 1.37512748992 1.10968037038 0.0894525711506 0.308039741588 1.10370679428 -3.07790789984 1.34437419555 3.07783186885 0.065
-0.393257579869 -0.766915159642 1.2645957852 1.34587572798 -0.435529469798 1.3651442311 1.09758522481 0.0943318980623 0.309587384405 1.1005291755 -3.03584251717 1.33267208849 3.12149341394 0.065
-0.410030201704 -0.765134903032 1.26965725601 1.35076262858 -0.419646976268 1.35320607888 1.0833607488 0.1004833492 0.311358542202 1.09647647021 -2.99235856774 1.31712209756 -3.11593112199 0.065
-0.431009053454 -0.763267361318 1.27595789567 1.35695860602 -0.399837485264 1.33905151085 1.06547116391 0.107325373039 0.313047433171 1.09180110931 -2.9488045021 1.29824059143 -3.07104862242 0.065
-0.453890334328 -0.761033368638 1.28306134525 1.36371304833 -0.378422274569 1.32330863354 1.04566163962 0.115607853643 0.314963479806 1.08615792691 -2.90774680859 1.27541610428 -3.02721960173 0.065
-0.481204713154 -0.758659693158 1.29122952663 1.37158442041 -0.353848055479 1.30494773572 1.02262329882 0.124548182492 0.31662375096 1.08026689281 -2.87185424276 1.25095003952 -2.98883862233 0.065
-0.509828135523 -0.755867169018 1.30009572253 1.38013649646 -0.326952525314 1.28562703464 0.998241060352 0.134320878043 0.318199614732 1.07352434546 -2.84516255863 1.22407226545 -2.9586285227 0.065
-0.538975135363 -0.753161929983 1.30892716418 1.38861879769 -0.299725398304 1.2652240249 0.973055945397 0.14473646623 0.31956602371 1.06655775235 -2.82572088052 1.1960335068 -2.93470255385 0.065
-0.572206192603 -0.749880715783 1.31917221173 1.39818327443 -0.269391577369 1.24283150066 0.945200478817 0.155599607324 0.320567250713 1.05916883651 -2.80920619001 1.16532596926 -2.91357294155 0.065
-0.607688752808 -0.746704230392 1.3295918295 1.40858544849 -0.236649193544 1.21895546254 0.914953959632 0.167543334215 0.321153198411 1.05113545031 -2.80067102608 1.13596558223 -2.89969813701 0.065
-0.643886837818 -0.743178671162 1.34083170088 1.4193017424 -0.202842161139 1.19408446744 0.883922007662 0.179288062562 0.321303137054 1.04318386373 -2.79718355586 1.10543304201 -2.89038152644 0.065
-0.680765693383 -0.739722886753 1.35179247297 1.42980857869 -0.168825704404 1.16931826772 0.852401365632 0.191644352617 0.320773344406 1.03506691185 -2.79767608409 1.07562966176 -2.88471189781 0.065
-0.719372341283 -0.736092598713 1.36380026686 1.44120557657 -0.133063903437 1.14324299117 0.819432097127 0.203786648273 0.319816329603 1.02682324674 -2.80258610772 1.04682421041 -2.88283840174 0.065
-0.758886594483 -0.732427423263 1.3756685111 1.45265503873 -0.0966912398947 1.11636497129 0.785625064722 0.216356683115 0.318263591269 1.01863592724 -2.81131334257 1.01874952639 -2.88467351294 0.065
-0.799308452982 -0.728709850118 1.38781598778 1.4646105015 -0.059393556476 1.08913781099 0.751172282332 0.229051880899 0.31606697099 1.01048604836 -2.82316941687 0.992994607869 -2.88889724673 0.065
-0.840026987627 -0.724887614742 1.40017292208 1.47625184441 -0.0217991615418 1.0611601719 0.716527486027 0.241598782056 0.313390392208 1.00253239497 -2.83807944906 0.9693965658 -2.89633137071 0.065
-0.880117149413 -0.721065312788 1.41237272987 1.48794551844 0.0154287106459 1.03431703943 0.682074703637 0.25375023677 0.310115961152 0.994784570706 -2.85433109054 0.946700493563 -2.9048311879 0.065
-0.919893257927 -0.717382693633 1.42443298803 1.49970910045 0.0524296898311 1.00682809039 0.647866199698 0.266022529987 0.306322885132 0.987289364492 -2.8723821614 0.926951489948 -2.91544034346 0.065
-0.960315049847 -0.713630233078 1.43661535212 1.51135044336 0.0888372615897 0.979862718827 0.613675206043 0.277667591426 0.302075746044 0.980191867505 -2.89169822435 0.909512493529 -2.92824396121 0.065
-1.00040527821 -0.709825374828 1.44872794139 1.5230615611 0.12636183385 0.952618181402 0.579362039873 0.289419575934 0.29715859589 0.973419214933 -2.91176173327 0.894641970174 -2.94175501999 0.065
-1.03984969001 -0.706038026863 1.46108487569 1.5344934464 0.162717045364 0.925862267457 0.545677179983 0.300606557078 0.291948745809 0.966952633382 -2.93343223994 0.881560844567 -2.95760678373 0.065
-1.07747902437 -0.702495023928 1.47220264113 1.54543664163 0.197867975434 0.900136131327 0.513318774054 0.311062619031 0.286404129763 0.961255567974 -2.95470743125 0.871111022686 -2.97418156652 0.065
-1.11538759117 -0.698986908403 1.48365210329 1.55650207596 0.232687292014 0.874375041207 0.481134905044 0.321382014914 0.280467870539 0.955548474789 -2.97499773142 0.862530628095 -2.99060322296 0.065
-1.14933417322 -0.695775535602 1.49391459455 1.5665376659 0.263998509714 0.851354144112 0.451953017793 0.330958319825 0.274439347669 0.950534976807 -2.99614454449 0.855991969281 -3.008751261 0.065
-1.18532293377 -0.692337194898 1.50473555069 1.57699230423 0.296636164729 0.827425708297 0.421828637833 0.340150436637 0.267877741383 0.94583161242 -3.01556321423 0.850961829347 -3.02661528424 0.065
-1.21813507577 -0.689195596918 1.51484104861 1.58659153522 0.327371407264 0.804788772452 0.393536845599 0.348679435764 0.261632260392 0.941513447317 -3.03521083219 0.847218072025 -3.04490664176 0.065
-1.24914958403 -0.686298343968 1.52414373661 1.5955276391 0.356047160749 0.783914649512 0.367391794229 0.356541808637 0.255325178411 0.937886356136 -3.05327729168 0.84552242873 -3.06300706183 0.065
-1.27690038838 -0.683802562553 1.53250379875 1.60367837677 0.381476620734 0.765326850368 0.343760034559 0.363647805131 0.249128298416 0.934444410243 -3.06959719943 0.844489231576 -3.08001666453 0.065
-1.3032198768 -0.681306714558 1.54061964901 1.61147997403 0.405841415494 0.747559437997 0.321367477034 0.370074568848 0.24327814163 0.931386207818 -3.08594077214 0.843980980758 -3.0976127755 0.065
-1.32683425934 -0.679107609288 1.54768821117 1.61835652228 0.427815091069 0.731275472933 0.301034375269 0.375812079508 0.237772580546 0.928907924658 -3.09948013852 0.844594171019 -3.11283014323 0.065
-1.34666109419 -0.677187736458 1.55390149916 1.62415102818 0.446053783084 0.717679369778 0.283999964699 0.380685623595 0.232861244282 0.926720469182 -3.11161617864 0.845366814587 -3.12681280769 0.065
-1.3642366258 -0.675459877543 1.55927708982 1.62933460493 0.462337714859 0.706107868263 0.269042503529 0.384749334843 0.228526615562 0.92486188056 -3.12179081932 0.845960179263 -3.13894566617 0.065
-1.37884499649 -0.673941409668 1.56367543351 1.63340125191 0.475497492359 0.696246715378 0.256685569229 0.388163316633 0.224780833808 0.923478626501 -3.13061080695 0.84709894979 3.1335488581 0.065
-1.38973586061 -0.673173487168 1.56671223611 1.63666508898 0.486475608294 0.688706906858 0.246981542849 0.390692520226 0.221994108186 0.922424803495 -3.13733142346 0.848224212288 3.12540298712 0.065
-1.39984135852 -0.672719684518 1.56915568641 1.63935288431 0.496720689139 0.682353936078 0.238062915964 0.393017497694 0.219285690362 0.921538028078 3.13950969568 0.849237916531 3.11734580263 0.065
-1.40958027231 -0.672178663343 1.57193083342 1.64108074323 0.505778965533 0.677013232828 0.230226381364 0.395232626639 0.216909079234 0.920798692301 3.13366327166 0.84993966874 3.1098038806 0.065
-1.41959841854 -0.671794702093 1.57536910754 1.64226758097 0.514889573043 0.671881920618 0.222965805284 0.39729006145 0.214895936706 0.920062580698 3.12782536984 0.850472197054 3.10247017146 0.065
-1.42900576878 -0.671515403073 1.57892962076 1.64272138362 0.522377050448 0.667291762742 0.216385916534 0.399353637884 0.213037888839 0.919450935057 3.12306098021 0.851388053245 3.09675060585 0.065
-1.43830832362 -0.671393230558 1.58261223992 1.64268649621 0.529410725203 0.662718981993 0.210469254764 0.401398136334 0.211324791113 0.918967251415 3.11902012531 0.852625855781 3.09140680153 0.065
-1.44768078645 -0.671375786853 1.58673121802 1.64247703859 0.535414655433 0.660327862808 0.205023822704 0.403177221311 0.209635183094 0.918160317669 3.11615422681 0.85186632177 3.08662226087 0.065
-1.45651222809 -0.671393230558 1.59088508353 1.64156943329 0.540511013653 0.657378278743 0.200520883354 0.405000907116 0.208278745407 0.917673407799 3.11342330296 0.852440895999 3.08271975928 0.065
-1.46544819882 -0.671375786853 1.59531818148 1.63952745452 0.545066317408 0.655388564513 0.195668870164 0.406750660013 0.207195716354 0.917374797549 3.11188978759 0.852610214269 3.08042248368 0.065
-1.47426219676 -0.671393230558 1.59997818076 1.63694432142 0.548923506773 0.654009779438 0.192370195614 0.408451978334 0.206268360649 0.917121903716 3.10968120571 0.852688245747 3.0773251582 0.065
-1.48283171652 -0.671428184548 1.60493498933 1.63383761085 0.552518874113 0.652037575493 0.189001712954 0.410175511137 0.205731033562 0.917038537777 3.10760396424 0.853573596442 3.07525575962 0.065
-1.49080788398 -0.671515403073 1.60990910846 1.63022476652 0.554578363163 0.650396935103 0.186610610414 0.411829040188 0.20531061024 0.9170998619 3.10704865079 0.854772549026 3.07446546332 0.065
-1.49922041039 -0.672073934533 1.61514514948 1.62600112619 0.557370887303 0.650047861263 0.184638389824 0.413453208944 0.205052807841 0.917025859446 3.105772397 0.854785044715 3.07301302763 0.065
-1.50702200764 -0.672754638507 1.61996227526 1.62172502158 0.559255839433 0.649838470222 0.18291049762 0.414959833675 0.204917081791 0.917049650777 3.10539275038 0.855165055307 3.07243798824 0.065
-1.51445715393 -0.673313103388 1.62507607718 1.61730936734 0.560372835774 0.649803516233 0.181653868414 0.416411292636 0.204916630748 0.91705316229 3.10578069297 0.855447612553 3.07279831447 0.065
-1.52220642007 -0.673784349743 1.63067856917 1.61219556541 0.560774307308 0.649768628823 0.180659027944 0.417868333671 0.205026335239 0.917176073589 3.10637970045 0.855993481651 3.07372705661 0.065
-1.52917018685 -0.674465053718 1.63591461019 1.60708176349 0.560931367233 0.649768628823 0.180309970749 0.419273273002 0.205365484769 0.917345491888 3.10703687924 0.85668181936 3.07479208943 0.065
-1.53590718546 -0.675320261323 1.64088872931 1.60172361653 0.560983698349 0.649786072528 0.180240145995 0.420715484438 0.205736386426 0.917665967521 3.10765819956 0.857856386803 3.07567825121 0.065
-1.54267907148 -0.675861282498 1.64621198886 1.59626067419 0.560983698349 0.649803516233 0.180222702289 0.422047794635 0.206227033422 0.917944419973 3.10766471235 0.858749678214 3.07657776353 0.065
-1.54925894359 -0.676733933808 1.65157013582 1.59072795703 0.560966254643 0.649925688748 0.180222702289 0.423352285778 0.206884797917 0.918163477112 3.10825056053 0.859580555891 3.07803739489 0.065
-1.55522801969 -0.677467035477 1.65661416292 1.5850033591 0.560966254643 0.650501663913 0.180275066694 0.42458822806 0.207666919063 0.918512349848 3.10863871786 0.860388508793 3.07985129103 0.065
-1.56112718783 -0.678008056653 1.66185020394 1.57927862802 0.560896479823 0.651775786757 0.180519411724 0.425620208379 0.20855046782 0.918740863846 3.10856455082 0.860147304761 3.08131694029 0.065
-1.56688680631 -0.678793422858 1.66689409789 1.57348412213 0.560372835774 0.654027223143 0.181269890519 0.426606223474 0.209398229396 0.918874913337 3.10926107833 0.859404068371 3.08291342808 0.065
-1.57224495327 -0.679509014243 1.67178113164 1.56775939105 0.559674754673 0.656016937372 0.182735977344 0.427540656586 0.21022168273 0.919053842836 3.10920759678 0.858763881069 3.08361224102 0.065
-1.5772190724 -0.680172274513 1.67633633553 1.56213945536 0.557370887303 0.657814571108 0.184027510604 0.428470547377 0.211023074511 0.919374424115 3.11167470914 0.858815823393 3.08670498717 0.065
-1.58177440944 -0.680957640718 1.68082189775 1.55674642099 0.555154338328 0.660868950562 0.185720482109 0.429114072456 0.211848298381 0.919413115922 3.11431161406 0.857400489534 3.08973577248 0.065
-1.58603307034 -0.681585946998 1.68518522088 1.55131849921 0.552902868653 0.663277446873 0.187204012639 0.429802915125 0.212747667268 0.919638618794 3.11597165389 0.85669747173 3.09225719911 0.065
-1.59022182326 -0.682144478458 1.68926931157 1.54613478931 0.550249960733 0.665371889913 0.189106425119 0.430505454801 0.213487962793 0.919933620183 3.11827301202 0.856305193609 3.09488903931 0.065
-1.59393932983 -0.682615724813 1.69321371946 1.54138757151 0.547230535268 0.667902625317 0.190485226839 0.431056161246 0.21417170186 0.920057068404 3.1214041073 0.855419077455 3.09837112117 0.065
-1.59744751193 -0.683244031093 1.6968440075 1.53705913579 0.545240854328 0.669997001778 0.192562176239 0.431616583669 0.214897131854 0.920148312255 3.12291923228 0.854729427824 3.10011302165 0.065
-1.60051933509 -0.683889781078 1.70014273199 1.53267836895 0.542657754518 0.672772082213 0.193644285169 0.431997918892 0.215601797275 0.92024342776 3.12602275585 0.85358567303 3.10368482481 0.065
-1.60322457412 -0.684500710232 1.70316209087 1.5287163842 0.540528457358 0.674342881203 0.195791042679 0.432453557869 0.216360753908 0.920436930884 3.12731762593 0.853378726259 3.10529831213 0.065
-1.60547601051 -0.684797386378 1.70572778027 1.52531299749 0.538329352088 0.676280197738 0.196349540849 0.432772725632 0.216939177009 0.920600873358 3.12999635919 0.85280247824 3.10864531629 0.065
-1.60750054557 -0.685129016513 1.70822356168 1.52217139951 0.536112769823 0.678374574198 0.198391569549 0.433005932955 0.217502720618 0.920658296398 3.13138646684 0.85183795041 3.11002865269 0.065
-1.60924598135 -0.685408248953 1.71023065304 1.5198501883 0.535030694183 0.679735915568 0.199351505964 0.433236672735 0.217964371902 0.920678679344 3.13209542137 0.85119145896 3.11112278613 0.065
-1.61052003761 -0.685652593983 1.7117666312 1.51787798435 0.533704240223 0.680905309603 0.199683119454 0.433396108161 0.218313217323 0.920727565868 3.13395565554 0.850661008062 3.11332014374 0.065
-1.61147997403 -0.685931826423 1.71267410334 1.51628967508 0.532063633123 0.681551059588 0.200102001404 0.433580674056 0.218496893213 0.920881838007 3.13603723946 0.850892838646 3.11529539703 0.065
-1.61212565744 -0.686019111528 1.71366892717 1.51494584399 0.531714559283 0.681900133428 0.201655340044 0.433696113613 0.218887942979 0.921010495919 3.13469406556 0.851028308005 3.11422393492 0.065
-1.61235255876 -0.686123840338 1.71400062388 1.51456181617 0.531557466068 0.682127034753 0.201882241369 0.433721568713 0.218976876524 0.921005610501 3.13484378984 0.85092603297 3.11437860155 0.065
-1.61243991044 -0.686123840338 1.7139307159 1.51436980225 0.529567785129 0.684256365202 0.201969493184 0.433551624888 0.21868898599 0.920849224119 3.13810916763 0.84930815342 3.1165411524 0.045
-1.61243991044 -0.686123840338 1.7139307159 1.51436980225 0.529567785129 0.684256365202 0.201969493184 0.433549685897 0.218688437206 0.920847033188 3.13811274837 0.849290999225 3.11654124282 0.045
-1.61243991044 -0.686123840338 1.7139307159 1.51426514002 0.529515454013 0.684326140023 0.201986953534 0.433550938229 0.21870192479 0.920876603394 3.13818825714 0.849332766649 3.11665071928 0.045
-1.60821613696 -0.686176171453 1.71328503249 1.51358443605 0.527037083013 0.686438026767 0.204604940754 0.432540268961 0.220192397847 0.921036319832 3.13938064963 0.848353908518 3.11973463328 0.045
-1.59854699799 -0.686909206543 1.70977685039 1.51218814069 0.519235452468 0.692215022383 0.211795708724 0.430291180665 0.222690391731 0.921700281994 -3.13765318206 0.847159718156 3.12709454655 0.045
-1.58507313392 -0.687729526738 1.70468049217 1.51011127451 0.508344588348 0.699493042168 0.221866252649 0.427097761383 0.226297351846 0.922887413967 -3.13006086318 0.846122061091 3.13644298343 0.045
-1.56622354605 -0.689108378392 1.6977341691 1.50737101491 0.493090434388 0.709860328817 0.235654353074 0.422875868928 0.230827286344 0.924339588827 -3.11950205009 0.844661126498 -3.13440280144 0.045
-1.54383102181 -0.690644223393 1.68956598772 1.5042818812 0.475567300469 0.722252150528 0.252357150154 0.417666967538 0.236183700428 0.92616404041 -3.10746085822 0.843258400771 -3.12021507197 0.045
-1.51780807638 -0.692389592592 1.67977474281 1.50052935407 0.454920078853 0.736965250023 0.271677951099 0.411642446187 0.242089714798 0.928302609894 -3.0942251918 0.842028852471 -3.105292766 0.045
-1.48836443368 -0.694326909127 1.66897109722 1.49651517135 0.431759565538 0.753493560117 0.293215301019 0.404719337371 0.248516613567 0.930763781167 -3.07801880207 0.841000391317 -3.0879137756 0.045
-1.4572975943 -0.696613232923 1.65764387416 1.49199472172 0.407150392459 0.770824680122 0.316393291329 0.396875429449 0.255469896401 0.933730963002 -3.06031061266 0.840772098193 -3.06946978817 0.045
-1.42120417152 -0.698899623298 1.6441874538 1.48684603238 0.378195406534 0.791210113002 0.343079363874 0.387996298319 0.262773610995 0.937163412286 -3.04161091181 0.841450402196 -3.05002491529 0.045
-1.38477918518 -0.701360583882 1.6307657877 1.48169720989 0.349380003539 0.811351200852 0.369852721524 0.378642077219 0.269880142397 0.940933033009 -3.02198450385 0.843274410311 -3.03122257105 0.045
-1.34521246771 -0.703891319287 1.61640176204 1.476216957 0.318173514649 0.833412161532 0.399104450174 0.368635218708 0.277015000466 0.944928515984 -3.0013323807 0.846236021786 -3.01170260461 0.045
-1.3039877993 -0.706788505658 1.60104291256 1.47021299348 0.285099517334 0.856485456322 0.429682599494 0.357735550956 0.284031451958 0.949791792186 -2.97922263979 0.851171075216 -2.99270130551 0.045
-1.25876639189 -0.709773043713 1.58453211275 1.46384257899 0.249494817904 0.881722902392 0.462826404919 0.346021864822 0.290942077895 0.954882101512 -2.95717762113 0.857495185747 -2.97417061065 0.045
-1.2151854917 -0.712705184073 1.5685274467 1.45764660156 0.214815117544 0.906209869667 0.495272095953 0.334124924629 0.297292068325 0.960476366018 -2.93473101825 0.866447591552 -2.95622917752 0.045
-1.16783475384 -0.715794450937 1.55124859124 1.45083982813 0.177883964154 0.932564312077 0.529724878343 0.321422594131 0.303504758118 0.966549926 -2.9117672402 0.877771418334 -2.93854941246 0.045
-1.11994286164 -0.718970936328 1.53369063648 1.44405049841 0.139556523727 0.959093324697 0.565242359248 0.308204385153 0.309051490855 0.973102742419 -2.89006913785 0.891265750018 -2.92249324108 0.045
-1.07142272974 -0.722199819412 1.51606277376 1.43740085148 0.10093239051 0.986634604847 0.601231053218 0.29460823162 0.3139401163 0.980043207069 -2.86771040902 0.906906881667 -2.90792562621 0.045
-1.02342617531 -0.725481033612 1.49826047397 1.43031471245 0.0631285608423 1.01358253271 0.636539043213 0.280599095984 0.318501839991 0.987487207453 -2.84737170812 0.926205158199 -2.89434871158 0.045
-0.974260226842 -0.728866976622 1.48007414636 1.42335094567 0.0235793973456 1.04135071418 0.673243328567 0.266613546865 0.32205286934 0.995143839372 -2.82920665324 0.946358228189 -2.88428002496 0.045
-0.925024503557 -0.732200521938 1.46209727637 1.41657905966 -0.0152192707112 1.06869998042 0.709633427493 0.252890570241 0.325009918133 1.00276075454 -2.81243175658 0.96929177277 -2.87524685893 0.045
-0.877080280243 -0.735411961317 1.44439963882 1.40958027231 -0.0534594343561 1.09556062317 0.744540012532 0.23857746547 0.327350168756 1.01107312299 -2.7982649757 0.995089984526 -2.86776720528 0.045
-0.828682320857 -0.738501161603 1.4266320933 1.40266870349 -0.0919090348148 1.12247366362 0.780389090282 0.224283572311 0.328931966911 1.01946862963 -2.78656576068 1.02244829052 -2.8635297473 0.045
-0.780912667752 -0.741642759583 1.40933592728 1.39593183804 -0.129241634772 1.14888037057 0.815470178952 0.210066176372 0.329989921143 1.02794179324 -2.779334804 1.05165778679 -2.86314668623 0.045
-0.736895475202 -0.744697072458 1.39326148641 1.38950895928 -0.164601997495 1.17382114049 0.847793697472 0.196392349988 0.33028829854 1.03605432532 -2.77452120689 1.0814830369 -2.86498173909 0.045
-0.691831061133 -0.747908511837 1.37650620842 1.38308621368 -0.200241617624 1.19904114286 0.881234212332 0.18292176453 0.329807849456 1.04444025416 -2.77615798325 1.11138634438 -2.87232777494 0.045
-0.645719492122 -0.750858095903 1.3599605212 1.3765761164 -0.236631733194 1.22462772935 0.915163417252 0.169217976489 0.328877306014 1.05287978503 -2.78159425504 1.14445242039 -2.88309020254 0.045
-0.605489647538 -0.753563334938 1.34503803066 1.37099106812 -0.268431640954 1.24731706289 0.944711788757 0.157002717613 0.327285948041 1.06052768451 -2.79403202229 1.17432465692 -2.90031315428 0.045
-0.566795647954 -0.756320971668 1.33044697052 1.36530122445 -0.299550861384 1.26902888315 0.973405019237 0.145208379772 0.32535309926 1.06807211648 -2.81270034704 1.20446679596 -2.92269665266 0.045
-0.530213568403 -0.758659693158 1.31728722631 1.3601176477 -0.328209171164 1.28960632994 1.00040527821 0.133947932869 0.323215067295 1.07501675533 -2.83781152057 1.23205412061 -2.95081198651 0.045
-0.497436280524 -0.760841354723 1.30522696816 1.35530052192 -0.354598534274 1.3081067774 1.02461301305 0.123921370048 0.320813045961 1.08146054396 -2.86935415307 1.25811316587 -2.98513523231 0.045
-0.467242092454 -0.762813625247 1.29424888551 1.35114665641 -0.378177929539 1.32496671763 1.04656924492 0.114790892343 0.318292424963 1.08726448796 -2.90754203358 1.28215650541 -3.02552249201 0.045
-0.440957424864 -0.764576371573 1.28447508431 1.34732435446 -0.399296430799 1.33960997573 1.06599474138 0.106542761114 0.315650621002 1.09268619853 -2.95181773159 1.30357599956 -3.07207841624 0.045
-0.416784610729 -0.766077395742 1.27573099435 1.34411298166 -0.418355409719 1.35304908554 1.08372726634 0.0996023302039 0.313204420452 1.09715126236 -2.9965338735 1.32069426886 -3.11841771758 0.045
-0.396852980498 -0.767526022217 1.26848786197 1.34128550353 -0.434394996464 1.3642191821 1.09858004864 0.093645088124 0.311120220425 1.10095001049 -3.04470747053 1.33541272857 3.1157622993 0.045
-0.380953009974 -0.768538289747 1.26267591237 1.33920863735 -0.446891546984 1.37303304688 1.11023883526 0.0889234217618 0.309289012241 1.1039669236 -3.08796244503 1.34653646465 3.07179032675 0.045
-0.369957450334 -0.769341166237 1.25843469517 1.33732365193 -0.455949823378 1.37926391173 1.11831966495 0.0855443337297 0.307935234335 1.10629449405 -3.12166546204 1.35459634433 3.03774241911 0.045
-0.362644509849 -0.769742571192 1.25592147005 1.33669527907 -0.461255605929 1.3832956713 1.1237826073 0.0834826981719 0.307078778442 1.10743697084 3.1390970039 1.35825860116 3.01500056231 0.045
-0.360602464504 -0.769952028812 1.25518843496 1.33622403272 -0.463297651273 1.38490129112 1.12524867748 0.0828376876396 0.306771980718 1.10788257534 3.13293353705 1.35976917134 3.00830211704 0.045
-0.360550133389 -0.769986916222 1.25497897734 1.33606703937 -0.463419823788 1.38511074874 1.12554535362 0.0828099770662 0.306702284467 1.1079756898 3.13079658548 1.35995223703 3.00593477764 0.045
-0.360497768984 -0.770021803633 1.25490920252 1.33596224398 -0.463472188193 1.38518052356 1.12561512844 0.0827709981808 0.306700296709 1.10801849357 3.13010167401 1.36004012275 3.0052611559 0.045
-0.360445404579 -0.770021803633 1.25490920252 1.33594480028 -0.463489631899 1.38521541097 1.12566759272 0.0827453595416 0.306702012747 1.10802328131 3.12986123906 1.36004793192 3.00504166383 0.045
-0.360375596469 -0.770021803633 1.25489175882 1.33592735657 -0.463524552598 1.38523285468 1.12568503642 0.0827286650577 0.30669920905 1.1080357377 3.12981424988 1.36008209422 3.00501850892 0.045
-0.360305755069 -0.770039247338 1.25489175882 1.33592735657 -0.463541996303 1.38525043154 1.12568503642 0.0827022469437 0.306702829154 1.1080365061 3.12987061938 1.36010704601 3.00512139504 0.045
-0.360235946959 -0.770039247338 1.25489175882 1.33592735657 -0.463559440009 1.38525043154 1.12570248013 0.0826786386133 0.306711647304 1.10803523598 3.12972907 1.36012214541 3.0050389049 0.045
-0.360183582554 -0.770039247338 1.25489175882 1.33592735657 -0.463594360708 1.38526787524 1.12573736754 0.082665344417 0.306706349373 1.10804296388 3.12978841569 1.36014568771 3.00512074607 0.045
-0.360253423954 -0.770056691043 1.25490920252 1.33589246916 -0.463594360708 1.38526787524 1.12571992383 0.0826779245819 0.306710287494 1.108048045 3.12976403924 1.36017585227 3.00499286709 0.045
-0.366833296059 -0.770056691043 1.25489175882 1.3338679341 -0.463454744488 1.38537253748 1.12526612118 0.0843796652296 0.306431443301 1.10861944467 3.12571256726 1.36103229896 2.99537194069 0.045
-0.381511508144 -0.770597778797 1.2548394277 1.32880646329 -0.461395255438 1.38582634013 1.12250855103 0.0876747821784 0.306036771106 1.1096207259 3.12240489575 1.36175968022 2.98162711372 0.045
-0.402821990029 -0.771383145003 1.2548394277 1.32187745077 -0.453977586144 1.38816512819 1.11730739742 0.0924030417056 0.305460687177 1.11021845713 3.12146479172 1.3578582129 2.96593908684 0.045
-0.431550107919 -0.772151134082 1.2548394277 1.31201629788 -0.442737681473 1.39088781094 1.11107659916 0.0986671715659 0.30477278228 1.11098068719 3.11341386583 1.35236814951 2.9394223033 0.045
-0.463821262033 -0.773407746643 1.25494408993 1.30107310265 -0.430031673334 1.39294723341 1.10351934693 0.106065431118 0.304014573767 1.11189992062 3.10624750146 1.34640873468 2.91093737035 0.045
-0.502078869383 -0.774612028087 1.2548394277 1.2884194922 -0.415562885579 1.39654263404 1.09498464801 0.114712433812 0.302611034181 1.11291627859 3.09927186245 1.33941164195 2.87900405675 0.045
-0.546637116398 -0.776008323447 1.25490920252 1.27325265663 -0.398109593059 1.40062672473 1.08468720276 0.124314162447 0.300946575601 1.11404398903 3.09259478792 1.33115372036 2.84528882585 0.045
-0.594703512228 -0.777474393627 1.25492664623 1.25717808261 -0.379644033009 1.40446647039 1.07395346514 0.135033750722 0.298813242684 1.1153495777 3.0846499299 1.3225030805 2.80697207225 0.045
-0.646243069593 -0.779097523732 1.25508377273 1.23991680401 -0.360043966334 1.40916135707 1.06243429474 0.147054701424 0.295877502652 1.11671476578 3.07895786167 1.31352520726 2.76769959059 0.045
-0.703821477888 -0.780842826353 1.25567712502 1.22078798369 -0.338087734464 1.41417049677 1.04923959654 0.159277820048 0.292550308951 1.11798292249 3.07531850488 1.30368964859 2.7299960595 0.045
-0.762639055038 -0.782710368067 1.25599124487 1.20055967731 -0.315852236864 1.4185338199 1.03630668708 0.172491494768 0.288572972361 1.11964562137 3.06993652794 1.29470791777 2.68791733406 0.045
-0.826849733132 -0.784682572013 1.25634038529 1.17895251928 -0.291417633994 1.42411886818 1.02150630248 0.186527852401 0.283519664238 1.12128182832 3.06715764534 1.28543134232 2.64819849431 0.045
-0.892264692672 -0.786811902462 1.25654984291 1.15694388972 -0.266808477559 1.42979113498 1.00736911157 0.200640519716 0.277750699108 1.12288340328 3.06407756139 1.27564516046 2.60575850136 0.045
-0.958883867077 -0.788801550113 1.25682907535 1.13493526015 -0.241780455819 1.43570787997 0.992097480612 0.215077227664 0.27109340229 1.12450957245 3.06334957922 1.26612459491 2.56599129598 0.045
-1.02707390705 -0.791018099088 1.25705597668 1.11187947565 -0.216036859339 1.44125804084 0.976843359941 0.229652575316 0.26369027846 1.1262389912 3.06190984954 1.25726590738 2.52515214278 0.045
-1.09667761951 -0.793095098422 1.25778901177 1.08845710702 -0.189612575529 1.44726187121 0.961292429967 0.244602660213 0.255324013318 1.12787524266 3.06492588688 1.24833932113 2.48860514365 0.045
-1.16912625381 -0.795521105017 1.25810313162 1.06412726625 -0.162594872849 1.45319605991 0.944973644072 0.259084425944 0.246161438006 1.12948673988 3.06644208858 1.23984164482 2.44939195811 0.045
-1.24059750798 -0.797720210287 1.25831258924 1.03990208771 -0.1354200936 1.45923491083 0.928776964112 0.274160978467 0.235659713116 1.13119418933 3.07017838179 1.23146698444 2.41181202785 0.045
-1.3156990502 -0.800076375483 1.25857437797 1.01469952905 -0.10718066577 1.46565765644 0.912405780522 0.288580076071 0.224463494773 1.13285644003 3.07381445943 1.22385984893 2.37671162454 0.045
-1.38722263548 -0.802397653268 1.258818723 0.990648854137 -0.0802327878447 1.47143471863 0.895982199237 0.302543670103 0.212479394061 1.13438338571 3.07995057261 1.21656764895 2.3425993658 0.045
-1.45855420686 -0.804631712527 1.25904562433 0.966563358397 -0.0535292466273 1.47766558347 0.880326607032 0.315773673981 0.199985089635 1.13593368194 3.08603503716 1.20963536809 2.30943397207 0.045
-1.52875140477 -0.806865705207 1.25935974418 0.943106102357 -0.0270700566818 1.48363452643 0.864409226092 0.32878586178 0.186418354475 1.13722760545 3.093760243 1.20322734119 2.27985912416 0.045
-1.59908815232 -0.808890306847 1.26014511038 0.919212553952 -0.000471238910262 1.48967337736 0.848788521297 0.340744935144 0.172810131475 1.13843256271 3.10250881848 1.19689482455 2.25220428228 0.045
-1.66361295026 -0.810967239602 1.26021501836 0.897570441933 0.0235793973456 1.49471740446 0.834005580402 0.351801394307 0.158901517489 1.1396671441 3.11221662059 1.19168462291 2.22619795812 0.045
-1.73180292366 -0.813044172357 1.260354568 0.874776446163 0.0491833796861 1.50025012163 0.819152798108 0.362218359225 0.14458626827 1.14079977367 3.12099036292 1.18641773724 2.20143170457 0.045
-1.79466977067 -0.815103661407 1.26058146933 0.853675421898 0.0728325872223 1.50548616264 0.804806216158 0.371606008067 0.130323468679 1.14179234407 3.13221418245 1.18188086941 2.18005263122 0.045
-1.85572127392 -0.816831520323 1.26087814547 0.833185260208 0.0957138597746 1.51133299966 0.791122827898 0.379982432002 0.116014676204 1.14257585752 -3.13939763209 1.17651438579 2.15835351677 0.045
-1.91495783289 -0.818716505742 1.26105271568 0.813079059768 0.11772245605 1.51583587243 0.777910685993 0.387911920251 0.101661355824 1.14348627047 -3.12878765471 1.17280416553 2.14055038707 0.045
-1.96895835084 -0.820357079553 1.26133194812 0.794805513632 0.138247530117 1.52072277303 0.765955223227 0.394301013195 0.0887401770327 1.14408083533 -3.11828034382 1.16850503113 2.12427062186 0.045
-2.01760058867 -0.821892991132 1.26208242692 0.778486661157 0.156765479539 1.52451018758 0.754977074003 0.400229500778 0.0759757759264 1.14449921 -3.10739123324 1.16490163848 2.11086917433 0.045
-2.06214142527 -0.823254332503 1.26208242692 0.763197586497 0.173555545079 1.52845459547 0.745011258887 0.405054122493 0.0642243289349 1.14503026571 -3.09746816974 1.16181041234 2.09776448175 0.045
-2.101742897 -0.824528455347 1.2621523349 0.750107617107 0.188198853109 1.5314392001 0.735848253683 0.409033356147 0.0538234073383 1.14542174737 -3.08754375333 1.15913449099 2.08766415911 0.045
-2.13703350987 -0.825610564277 1.26218722231 0.738117200353 0.201602975639 1.53479012254 0.728151385237 0.412241344845 0.0444797189275 1.14568135506 -3.07933600693 1.15637958692 2.07842858925 0.045
-2.1668960678 -0.826657719218 1.26222210972 0.728482948793 0.212616012274 1.53669255167 0.721536559143 0.414925954416 0.0361978815931 1.145926365 -3.07193838611 1.15476229487 2.0709247468 0.045
-2.19023108475 -0.827286092077 1.26225699713 0.720227548888 0.221360102239 1.53918846624 0.716405313512 0.416808339337 0.0298636285822 1.1461213133 -3.0664860079 1.15282785705 2.06520575988 0.045
-2.20668955344 -0.827757271853 1.26237923622 0.714694898302 0.227695645959 1.54056718474 0.712373620517 0.418114199714 0.0253753611931 1.14621972802 -3.06165678267 1.15153194003 2.06192687231 0.045
-2.21766776925 -0.828298359607 1.26237923622 0.710924994042 0.231849544759 1.54226015624 0.710506078803 0.418930782121 0.0222679911691 1.14617615776 -3.05925032342 1.15031239473 2.05818180166 0.045
-2.22859352078 -0.828612546037 1.26276313089 0.707556494737 0.235933602159 1.54294086022 0.708324417238 0.41983909844 0.0192002517278 1.14611096542 -3.05716155297 1.14916902544 2.05523021622 0.045
-2.2390827802 -0.828734718552 1.26414198255 0.704257836832 0.240122405014 1.54327242377 0.705706396728 0.420886000031 0.0163128277062 1.14590927945 -3.05329916076 1.1474787291 2.05476163297 0.045
-2.25020067881 -0.828909222182 1.26503214414 0.701273298778 0.243717772354 1.54335977545 0.703961094108 0.42181833878 0.0128826662144 1.14583377945 -3.05176524519 1.146586601 2.05080098993 0.045
-2.26121364886 -0.828944109593 1.26677744676 0.698428376943 0.247749481994 1.54335977545 0.701674703733 0.422862027034 0.00962020524854 1.14553808889 -3.04941835678 1.14462503219 2.04887644841 0.045
-2.27179039313 -0.828926665887 1.26894166462 0.695723137908 0.251833556039 1.54334233175 0.698777450783 0.423933469049 0.00656364315604 1.14511220638 -3.04536550372 1.14222877885 2.04921742527 0.045
-2.28325716584 -0.828909222182 1.27140255863 0.693174958798 0.255463844079 1.5429059728 0.696665630618 0.425098766899 0.00307050949965 1.14467299596 -3.04258667769 1.14010037139 2.04752298484 0.045
-2.29414816312 -0.828996507287 1.27414268507 0.690888568423 0.259373381204 1.54147479004 0.694867930303 0.42632966529 -0.00019669838189 1.14420400946 -3.04087395834 1.13836678202 2.04556555579 0.045
-2.30516113317 -0.828909222182 1.27745885326 0.688724350563 0.263195649869 1.53890910064 0.691848504838 0.427800593464 -0.00355647984199 1.1437536077 -3.03757456272 1.13683878974 2.04695180621 0.045
-2.31552828666 -0.828647433447 1.28053067642 0.687066333047 0.266407055959 1.5345108901 0.689509783348 0.429311343433 -0.00709722399292 1.1435747872 -3.03614034249 1.13691530228 2.04682416192 0.045
-2.32624458057 -0.828106345693 1.28433540151 0.685303520143 0.269845363374 1.5289957498 0.686979047943 0.430926237195 -0.0104885724472 1.14343882793 -3.03535533077 1.13705702071 2.04731558867 0.045
-2.33683890171 -0.827425708297 1.2884194922 0.684116682403 0.272899676249 1.52358513857 0.684518153937 0.432471641487 -0.0141955641014 1.14321139077 -3.0347688209 1.13695060277 2.0471260847 0.045
-2.34727583002 -0.826884620543 1.2925210266 0.682563393697 0.276756865614 1.51744162541 0.682458664887 0.434250911217 -0.0176234639655 1.14298818512 -3.03599716867 1.13702067586 2.0468354962 0.045
-2.35626426501 -0.826430884472 1.29622108946 0.681533615883 0.279409773534 1.51229293607 0.679718471863 0.435852318437 -0.0210075103783 1.14278171319 -3.03438455082 1.13735248371 2.04861135391 0.045
-2.36732969934 -0.825435994068 1.30112556692 0.680486394363 0.283074948984 1.50518935334 0.677152849048 0.437433721081 -0.0246027807629 1.1425423296 -3.03514611069 1.13709812214 2.04842068169 0.045
-2.37684171181 -0.824633184157 1.30571565822 0.679474126833 0.285483511874 1.49869683292 0.675198088808 0.439061970218 -0.0279613674479 1.14237714277 -3.03552806977 1.1376972871 2.04888275575 0.045
-2.38677263951 -0.823969923888 1.31020122044 0.678601475523 0.289026514809 1.49204705284 0.672911698433 0.440646502823 -0.0313682865856 1.14208772129 -3.03698629375 1.13770256109 2.04845510672 0.045
-2.39607532752 -0.823097272577 1.31487866342 0.677850996727 0.291312905184 1.48503082179 0.670572976942 0.442172992386 -0.034746123666 1.14195916183 -3.03707505288 1.13851547501 2.04937128083 0.045
-2.40509864992 -0.822381681192 1.31962601438 0.677275021563 0.294419582464 1.47811938612 0.667920069023 0.443806769307 -0.0380397109936 1.14163945675 -3.03716456378 1.13857637879 2.05110704484 0.045
-2.4140173101 -0.821474142472 1.32423368254 0.676891060313 0.297124854789 1.4711903736 0.666139812413 0.445215172638 -0.0411908742578 1.14144005287 -3.03948587523 1.13904617241 2.05004365868 0.045
-2.42263929413 -0.820636378572 1.32903336462 0.676349972558 0.299603225789 1.46412181144 0.663958150848 0.4467465426 -0.0443438304492 1.1412411517 -3.04068444179 1.1397073252 2.05078116669 0.045
-2.43077232178 -0.819850945788 1.33343157516 0.676018409002 0.301941947279 1.457315038 0.661636873063 0.448189451726 -0.047496578069 1.14102876677 -3.04133741342 1.14025176575 2.05199065171 0.045
-2.43890561575 -0.818960850772 1.33821381352 0.675826395088 0.303477858859 1.45000213081 0.659839172748 0.4494699533 -0.0505528294782 1.1409137252 -3.04248490814 1.14140286102 2.05211366864 0.045
-2.4465675302 -0.818210371977 1.34308327042 0.675686778868 0.306008594264 1.44293356864 0.657570226078 0.450937445657 -0.0533257154447 1.14059687769 -3.04392570424 1.14178639679 2.05342571545 0.045
-2.45382810628 -0.817390051782 1.34725457964 0.675634381173 0.308382236454 1.43609177465 0.655510737028 0.45223377785 -0.0561533490484 1.14042856463 -3.04571486917 1.14241347524 2.05380292205 0.045
-2.46093182218 -0.816517400472 1.35160045906 0.675582050058 0.310040287259 1.42951190254 0.653835275807 0.453377052374 -0.0588294640621 1.14028775206 -3.04717938223 1.14330274001 2.05380141193 0.045
-2.46740676573 -0.815731967688 1.35578921198 0.675547162647 0.312187028124 1.42263535429 0.651985177798 0.454617888801 -0.0612101135316 1.14013660632 -3.04933696798 1.14407700049 2.05440172291 0.045
-2.47363776374 -0.815208390217 1.35962895764 0.675547162647 0.313373865864 1.41624736294 0.650553995028 0.455745908847 -0.0636642133207 1.13999497276 -3.05016766999 1.14545065905 2.05518042783 0.045
-2.47925756627 -0.814527686243 1.36338135162 0.675582050058 0.315398434214 1.41115100472 0.648756361293 0.456737364965 -0.0658017854969 1.13974432159 -3.05184446379 1.14546982419 2.05539881988 0.045
-2.48459826952 -0.813707432627 1.36706410393 0.675634381173 0.316079138189 1.40579285777 0.647866199698 0.457560224736 -0.0678582578427 1.13967023347 -3.05388336341 1.1464026986 2.05466508536 0.045
-2.48922338138 -0.813271073682 1.37006601911 0.675634381173 0.317108882714 1.40109797108 0.646120897078 0.458396090337 -0.0696444976599 1.139538027 -3.0538067183 1.14711729761 2.05634726026 0.045
-2.49337738005 -0.812607813413 1.37291094094 0.675669335162 0.318836741629 1.3962808453 0.645440193103 0.459221895066 -0.071239610519 1.13946515777 -3.05730106079 1.1476886488 2.05494228012 0.045
-2.49723443626 -0.812014461122 1.37593029983 0.675739109983 0.319587253714 1.39172550826 0.644515210678 0.459967197385 -0.0726956129049 1.13939671278 -3.0588154052 1.14857262708 2.05526011904 0.045
-2.50049840649 -0.811612989588 1.3781294051 0.675913680193 0.320966038789 1.38874103678 0.642926967982 0.460523960638 -0.0739449811663 1.13918468275 -3.05889609037 1.1482954672 2.05646915444 0.045
-2.50315118125 -0.811438485957 1.38006672164 0.676088183823 0.321559457659 1.38497106594 0.642525496448 0.461140988026 -0.0750067070912 1.13914142019 -3.0603551511 1.14938823626 2.05635389465 0.045
-2.50522818059 -0.811211584632 1.3814804607 0.676315085148 0.321664186469 1.3831385448 0.642106647788 0.461412132389 -0.0758930924436 1.13901817943 -3.06058745275 1.14947504649 2.05618380606 0.045
-2.50658958854 -0.811002127013 1.38231815802 0.676576873883 0.321856167094 1.38151534811 0.641809905063 0.461596170128 -0.0765099240036 1.13902722527 -3.06124833735 1.14990183496 2.05582776521 0.045
-2.5077065183 -0.810879954498 1.383313115 0.676681602693 0.321995783314 1.37961291899 0.641460831223 0.461900085899 -0.0769536135129 1.13899769337 -3.06156700509 1.1504090668 2.05635766108 0.045
-2.50788095535 -0.810740338277 1.38380180506 0.676768887798 0.322117955829 1.37910678522 0.641321215003 0.461994316975 -0.077008919941 1.13896970081 -3.06185223131 1.15033956036 2.05655111463 0.045
-2.50791584276 -0.810478549542 1.38380180506 0.677083007648 0.322449585964 1.37894979187 0.641268883888 0.461937883306 -0.0771465791456 1.13897228145 -3.06292959771 1.14999052106 2.05561424995 0.065
-2.50793341962 -0.810478549542 1.38380180506 0.677083007648 0.322449585964 1.37894979187 0.641268883888 0.461939926476 -0.0771416767804 1.13897589232 -3.06298782074 1.14999410288 2.05557726395 0.065
-2.50793341962 -0.810478549542 1.38380180506 0.677083007648 0.322484473374 1.37894979187 0.641251440183 0.461939654119 -0.0771399643806 1.13897211589 -3.06297983838 1.14998016776 2.05557457683 0.065
-2.50791584276 -0.810478549542 1.38378436136 0.677083007648 0.322484473374 1.37896723558 0.641251440183 0.461946225303 -0.0771224303547 1.13897256368 -3.06297189262 1.14998278235 2.05564463534 0.065
-2.50660689908 -0.810478549542 1.38357490374 0.677100451353 0.322484473374 1.37894979187 0.641268883888 0.462003845291 -0.0765358497894 1.13902414429 -3.06307407154 1.15013458446 2.05678934843 0.065
-2.50400632228 -0.810478549542 1.382388066 0.677170292753 0.322484473374 1.37896723558 0.641443387518 0.461956080859 -0.0754982439748 1.13930899363 -3.06383543847 1.15100103008 2.05770218252 0.065
-2.50030639258 -0.810583278352 1.38142812959 0.677432081488 0.322467029669 1.37924646802 0.642089204083 0.462009752509 -0.073951109523 1.13942137376 -3.0652689839 1.15130383066 2.05882442811 0.065
-2.49569859126 -0.810879954498 1.37940346137 0.678077898052 0.322379777854 1.38046819317 0.642857126583 0.461810440771 -0.0722020043943 1.13953025781 -3.06617347119 1.15145639437 2.05969791363 0.065
-2.4902007615 -0.811194140927 1.37701247534 0.678793422858 0.321891087794 1.38383669247 0.643782175588 0.461286088563 -0.0701247002576 1.1395039079 -3.0661530134 1.15038461715 2.06037859709 0.065
-2.48393514241 -0.811612989588 1.37406275812 0.679578855643 0.320983515784 1.38703062157 0.645876552048 0.46068705505 -0.0678410722442 1.13962817814 -3.06798803986 1.15016090683 2.05910419349 0.065
-2.47683169283 -0.811962063428 1.37125285685 0.680294447028 0.318749489814 1.39212697979 0.647098277198 0.459804817055 -0.065209485339 1.139655071 -3.0657559377 1.14908036123 2.06101869206 0.065
-2.46890772332 -0.812503151182 1.36781458272 0.681254383443 0.315782428754 1.39647285922 0.649436998688 0.458879162242 -0.0624967384232 1.13987478544 -3.06499962585 1.1493728576 2.06123784468 0.065
-2.46066976712 -0.813236186272 1.36411438671 0.682353936078 0.312954983914 1.40209279491 0.651828117873 0.457749037631 -0.0595336614431 1.13992550317 -3.06367308159 1.14878571921 2.06126305769 0.065
-2.45208293682 -0.813742320037 1.36048409867 0.683278918503 0.309656326009 1.40724148424 0.653608374483 0.456611418486 -0.0563982092302 1.14016358984 -3.06148656473 1.14886044243 2.06288447028 0.065
-2.4424311084 -0.814457911422 1.35641758484 0.684500710232 0.306619456839 1.41258218749 0.656016937372 0.455464666641 -0.0530812317076 1.14034374558 -3.06029217719 1.14871099564 2.06384107408 0.065
-2.4326573072 -0.815068773997 1.35196691003 0.685425692658 0.302779711179 1.41848148878 0.658669778713 0.454136597246 -0.0497137581669 1.14069409768 -3.05904361875 1.14910460432 2.06440465777 0.065
-2.42234235166 -0.815644749162 1.3477607134 0.686856875428 0.299323960059 1.42452033971 0.660938725383 0.452728776704 -0.046074920537 1.14087699419 -3.05747952081 1.14876001009 2.06559662234 0.065
-2.412359226 -0.816133439222 1.34371151012 0.687746970443 0.295920573344 1.43069874028 0.663591633303 0.451340002824 -0.0425128366614 1.14112918257 -3.05749887079 1.14848630718 2.06517922545 0.065
-2.40150311613 -0.816866474312 1.33913872937 0.689213040623 0.292761531659 1.43699937995 0.665895467383 0.449865669188 -0.0387224631524 1.14127195134 -3.0558584734 1.14801418844 2.06671582705 0.065
-2.39080439909 -0.817634396812 1.33419949766 0.690557004867 0.288851977889 1.44309056199 0.668234188873 0.448244219988 -0.0351217307545 1.14164806571 -3.0541536893 1.14861386992 2.06768519402 0.065
-2.37968650048 -0.818315100787 1.32969649173 0.691761219733 0.284767920489 1.44958321557 0.671201283223 0.446602699036 -0.0311335862908 1.14194270474 -3.05322225606 1.1488228332 2.06798430636 0.065
-2.36849909338 -0.819013181888 1.32484447854 0.693262243903 0.281085268044 1.4562328625 0.674098536173 0.444853627244 -0.0273756541726 1.14220533872 -3.05318097816 1.14867920254 2.06733735205 0.065
-2.35722433459 -0.819833502082 1.32018447926 0.694396683948 0.277472440354 1.46290008629 0.677048120238 0.443256422621 -0.0236052196891 1.14241412479 -3.05312509043 1.14837092722 2.06711815967 0.065
-2.34605423803 -0.820392033542 1.3155768111 0.695670806792 0.274069053639 1.46909593056 0.679142496698 0.441537661829 -0.0196461429514 1.14271794136 -3.05295659964 1.14833389748 2.06763256508 0.065
-2.33491902888 -0.821072670938 1.31079457273 0.697119433267 0.270491130004 1.47541414709 0.681865246018 0.43970860981 -0.0160070111856 1.1430095908 -3.05246832843 1.14841273987 2.06774752205 0.065
-2.32394067991 -0.821770818617 1.30639636219 0.698376045828 0.266860841964 1.48178456157 0.684448312538 0.437975115616 -0.0122713122611 1.14326211331 -3.05205719989 1.14853090425 2.06784300572 0.065
-2.3133466251 -0.822503853707 1.30184102515 0.699527996157 0.263666896224 1.48798040585 0.687171061857 0.436271624783 -0.0087296526836 1.14351829325 -3.05282428062 1.1485651975 2.06706657943 0.065
-2.3029445842 -0.823114716283 1.29733815238 0.700784608718 0.260176224404 1.49394948196 0.689928632008 0.43437865322 -0.00519098598647 1.14387191143 -3.05360419117 1.14885780001 2.06568335913 0.065
-2.29299607963 -0.823725578858 1.29309693518 0.701971446457 0.256964818314 1.49972654415 0.692284863783 0.43270011445 -0.00191120226201 1.14412372956 -3.05391178011 1.14891526589 2.06528431363 0.065
-2.28336182807 -0.824371395422 1.28897795708 0.703001157693 0.253282182514 1.50532903614 0.694449081642 0.43094998162 0.00120064543595 1.14445879744 -3.05353647489 1.14955435818 2.06502064643 0.065
-2.27404182952 -0.824877529187 1.28517323199 0.704292724243 0.250576926834 1.51112354204 0.696508570692 0.429247801902 0.00421595447991 1.14458208543 -3.05356517103 1.14878811634 2.06464506233 0.065
-2.2657340985 -0.825435994068 1.28145559227 0.705025759333 0.247906575209 1.51553919629 0.698882179593 0.427702952253 0.00711001774235 1.14499089704 -3.05492669484 1.14972180176 2.06315487463 0.065
-2.25740879061 -0.825959638117 1.27803476185 0.706038026863 0.245707453294 1.52037376577 0.700400647467 0.426283696721 0.00972489589738 1.14507544822 -3.05542774722 1.14905787654 2.06286998174 0.065
-2.24993889007 -0.826500659292 1.27480594534 0.706963075868 0.243002197614 1.52447530016 0.702390295118 0.424918108048 0.0121056672572 1.14533799081 -3.05602848988 1.14973419823 2.0621212226 0.065
-2.24325435574 -0.826797402017 1.27199591092 0.707556494737 0.240244577529 1.52848948288 0.703489847753 0.423560779784 0.014220508025 1.14562434841 -3.05516391384 1.15003456458 2.06231314847 0.065
-2.23712801996 -0.827146409278 1.26958734803 0.708481477163 0.239145008249 1.53157874974 0.705584224213 0.422571495836 0.0161922907736 1.14569490694 -3.05809599906 1.1497399478 2.06012913869 0.065
-2.22991990816 -0.827268581793 1.26784204541 0.709214512253 0.236457212919 1.53559306561 0.706230040778 0.421311186752 0.0186998588265 1.1457577209 -3.05586647207 1.14914800236 2.06355457966 0.065
-2.21625403018 -0.827268581793 1.26604441167 0.712617965547 0.231744815949 1.53822852982 0.709249466242 0.419633328349 0.0228819486025 1.14567968643 -3.05774804936 1.14913559733 2.06585252849 0.065
-2.19599070324 -0.827303535782 1.26422920107 0.718325186342 0.224449335814 1.54065453642 0.713176430428 0.417457203613 0.0288639540396 1.14553538747 -3.05995372507 1.14965795079 2.07095157455 0.065
-2.17000277837 -0.827146409278 1.26312971502 0.726144227303 0.214780213489 1.54201581121 0.718796366118 0.414825302528 0.0364045295703 1.14520325475 -3.06405755952 1.15053094428 2.07763067714 0.065
-2.13849958005 -0.826448328177 1.26183808189 0.735708637463 0.203051602114 1.54236495163 0.725271575993 0.411551177601 0.0451903815607 1.14501747308 -3.06945767593 1.15220464776 2.08648949368 0.065
-2.1009749745 -0.825261490437 1.26016268725 0.747367424083 0.189385674204 1.54241728274 0.733404803383 0.407347023982 0.0555440675771 1.14488053792 -3.07825106966 1.15396218919 2.09448323453 0.065
-2.0582667922 -0.824022321582 1.2595692018 0.760754136197 0.173572988785 1.54236495163 0.742655027113 0.402506093452 0.0669081504647 1.1443213275 -3.08555544842 1.15523026456 2.10608671987 0.065
-2.01210289208 -0.822626026222 1.25815546273 0.776095541973 0.156590942619 1.54229504365 0.752865253837 0.39679647286 0.0788457041866 1.14377276435 -3.09527457074 1.1567423335 2.1174015729 0.065
-1.96206422572 -0.821037783527 1.25768421638 0.792222380533 0.137846100195 1.5413701278 0.763773561662 0.390361377137 0.091637325788 1.14303897469 -3.1044210937 1.15856085545 2.13215320794 0.065
-1.9075401303 -0.819432097127 1.25661961773 0.810094588292 0.117739908077 1.53903133973 0.775973369458 0.383126249821 0.105181670074 1.14243966757 -3.11436468299 1.16170436049 2.14784647073 0.065
-1.84875750714 -0.817616953107 1.25602613228 0.829450243358 0.0957487638297 1.53475523513 0.788853947807 0.375316267608 0.118815058962 1.14178849568 -3.12500624508 1.1659820659 2.16627782768 0.065
-1.79004452565 -0.815714523982 1.25551999852 0.849050310032 0.0736878031497 1.52964143321 0.801943917197 0.366504063972 0.133043789716 1.14104934446 -3.1369876014 1.1711641091 2.18627237484 0.065
-1.72536273435 -0.813881936257 1.25501386475 0.870640024357 0.0496895217736 1.52454507499 0.816657016692 0.356770701031 0.147355568627 1.14016286425 3.13498157713 1.17630330693 2.20751058424 0.065
-1.65909250063 -0.811682830987 1.25442051246 0.892770826437 0.0248534889812 1.51875056909 0.831387559893 0.34660896834 0.160799979492 1.13925234874 3.12491436261 1.18195415556 2.23154714663 0.065
-1.59263038615 -0.809745514452 1.25421105484 0.915233192072 -0.000157079625918 1.51281651354 0.846571972322 0.335276950878 0.174809505269 1.13808251037 3.11494352048 1.18771372705 2.25700857393 0.065
-1.52260775845 -0.807528965477 1.25407137204 0.938690448112 -0.0263370174306 1.50644609906 0.862314849632 0.323152404045 0.188437930135 1.13685346611 3.10589835065 1.19406426298 2.28566945573 0.065
-1.45092717981 -0.805312349923 1.25356523828 0.962583996517 -0.0527438512936 1.49972654415 0.878441688192 0.310648739064 0.201126014461 1.13562222255 3.0961408761 1.20129918484 2.31287049522 0.065
-1.38038084149 -0.803008515843 1.25332089325 0.986529876037 -0.0796742813522 1.49293721443 0.894236896617 0.297323381913 0.213334659865 1.13422242289 3.08989428651 1.20883440113 2.34600558396 0.065
-1.31018377674 -0.800669794352 1.25332089325 1.01072016717 -0.106465082707 1.48571152576 0.910259006367 0.283594529361 0.224939029336 1.13272512127 3.08304420851 1.21620977005 2.37837844534 0.065
-1.23717667756 -0.798453245377 1.25321623102 1.03534675066 -0.13336060455 1.47836373115 0.926508017442 0.269697369549 0.235674037059 1.13120666032 3.07793148676 1.22457294941 2.41388265894 0.065
-1.16638612736 -0.796114457308 1.25312901249 1.05932758417 -0.159994329335 1.47148704975 0.942722141107 0.255490693553 0.245622900062 1.12964906307 3.07354061698 1.23269179043 2.44954856593 0.065
-1.09611915463 -0.793863020922 1.25311143563 1.08306407265 -0.186086999654 1.4644882624 0.958412620722 0.24130722356 0.254536515226 1.12797557122 3.07075988579 1.24158574347 2.48667546164 0.065
-1.02597435442 -0.791384616633 1.25312901249 1.1073241386 -0.212912721709 1.45738481283 0.974364955652 0.226897379304 0.26278281647 1.12633613203 3.06872949573 1.25075221488 2.52596186915 0.065
-0.959145722391 -0.789290240173 1.25312901249 1.13027526088 -0.238167628129 1.45017656786 0.989619142902 0.212634592238 0.270127097481 1.12464693419 3.06861119899 1.26011432452 2.56429482141 0.065
-0.893503861527 -0.787195863712 1.2531464562 1.15273755993 -0.263038573299 1.44335235073 1.00457658743 0.198474204384 0.276770319511 1.12301519471 3.0679740466 1.26965674503 2.60399584453 0.065
-0.827844556958 -0.785171262073 1.25312901249 1.17499053453 -0.287298655894 1.4365455773 1.01925479951 0.184772783939 0.282474816577 1.1213301352 3.06891296707 1.2795559139 2.64417136433 0.065
-0.768555733453 -0.783321230642 1.2531638999 1.19560286873 -0.309935558449 1.43017516281 1.03283345896 0.17108506175 0.287531544095 1.1196619573 3.07166845538 1.28906440615 2.68480547808 0.065
-0.707975343398 -0.781331516413 1.2531638999 1.21625009035 -0.332520129889 1.42333350197 1.04649940352 0.158862391252 0.291555723345 1.1181539973 3.07552130889 1.29833388639 2.72456086843 0.065
-0.653172015538 -0.779673498897 1.25319878731 1.23511712193 -0.353289557309 1.41738186957 1.05906579544 0.146694008928 0.295097857687 1.1166534492 3.07896640677 1.30804091776 2.76381870343 0.065
-0.602348049558 -0.777928129698 1.25328600584 1.25248319593 -0.372540516854 1.41232039876 1.07067225094 0.135270793071 0.297913761353 1.11517821372 3.08550409712 1.31648630278 2.80189918109 0.065
-0.553548618638 -0.776322443298 1.25344313234 1.26930811559 -0.390988666489 1.4071019346 1.0818249038 0.124936912834 0.300172484363 1.1137998422 3.0915262547 1.32498300628 2.83874224872 0.065
-0.510526249913 -0.775065830737 1.25367003367 1.28431795781 -0.407324929379 1.40226736511 1.09158126129 0.115506029249 0.302048097932 1.11255302047 3.09731541576 1.33261558964 2.8720313485 0.065
-0.472233721864 -0.773739376777 1.25373980849 1.29728582126 -0.421636657208 1.39800870422 1.10016829133 0.107117468436 0.303483533418 1.1114977941 3.10427285446 1.33951000615 2.9047134551 0.065
-0.438374358343 -0.772430366522 1.25421105484 1.30883981249 -0.434255380243 1.39457043009 1.10805717369 0.0997222406552 0.30459198829 1.11040565824 3.11082875291 1.34538926468 2.93360636952 0.065
-0.410641064279 -0.771575158917 1.25442051246 1.31859630314 -0.444919343038 1.3912542619 1.11453238357 0.0936929703006 0.305385801818 1.10958888204 3.11651575168 1.35073969334 2.957794871 0.065
-0.388824448629 -0.770981740048 1.25450773099 1.32599642887 -0.452808225398 1.38900282552 1.11915749543 0.088773581532 0.305977216654 1.10890626528 3.12215353166 1.35478101689 2.97816023336 0.065
-0.372261284414 -0.770318546357 1.25459508267 1.33180837847 -0.459039056953 1.38607068516 1.12339857947 0.0854032848661 0.306464329735 1.10848761373 3.12364717045 1.35810680386 2.99124092358 0.065
-0.363307736829 -0.770056691043 1.25462997008 1.33494997645 -0.462774040514 1.38509330504 1.12516145895 0.0834443530086 0.306609620032 1.10824899434 3.12773030426 1.36002114653 3.0011590492 0.065
